1 340.0
2 675.0
3 1002.0
4 1320.0
5 1625.0
6 1913.0
7 2182.0
8 2434.0
9 2668.0
10 2882.0
11 3078.0
12 3253.0
13 3411.0
14 3558.0
15 3691.0
16 3811.0
17 3918.0
18 4013.0
19 4097.0
20 4170.0
21 4235.0
22 4288.0
23 4332.0
24 4374.0
25 4406.0
26 4429.0
27 4448.0
28 4460.0
29 4467.0
30 4470.0
31 4469.0
32 4466.0
33 4459.0
34 4449.0
35 4437.0
36 4424.0
37 4410.0
38 4395.0
39 4393.0
40 4390.0
41 4386.0
42 4381.0
43 4375.0
44 4368.0
45 4360.0
46 4351.0
47 4341.0
48 4330.0
49 4328.0
50 4325.0
51 4321.0
52 4316.0
53 4310.0
54 4303.0
55 4295.0
56 4286.0
57 4276.0
58 4265.0
59 4253.0
60 4240.0
61 4239.0
62 4237.0
63 4234.0
64 4230.0
65 4225.0
66 4219.0
67 4212.0
68 4204.0
69 4195.0
70 4185.0
71 4174.0
72 4163.0
73 4162.0
74 4160.0
75 4157.0
76 4153.0
77 4148.0
78 4142.0
79 4135.0
80 4127.0
81 4118.0
82 4108.0
83 4097.0
84 4085.0
85 4072.0
86 4058.0
87 4043.0
88 4027.0
89 4010.0
90 3992.0
91 3973.0
92 3953.0
93 3932.0
94 3910.0
95 3906.0
96 3901.0
97 3895.0
98 3888.0
99 3880.0
100 3871.0
101 3861.0
102 3850.0
103 3838.0
104 3825.0
105 3811.0
106 3796.0
107 3780.0
108 3771.0
109 3761.0
110 3750.0
111 3738.0
112 3725.0
113 3711.0
114 3696.0
115 3680.0
116 3664.0
117 3647.0
118 3629.0
119 3610.0
120 3590.0
121 3569.0
122 3547.0
123 3524.0
124 3500.0
125 3475.0
126 3449.0
127 3431.0
128 3412.0
129 3395.0
130 3377.0
131 3358.0
132 3338.0
133 3317.0
134 3296.0
135 3274.0
136 3253.0
137 3231.0
138 3208.0
139 3184.0
140 3161.0
141 3137.0
142 3112.0
143 3086.0
144 3059.0
145 3031.0
146 3002.0
147 2975.0
148 2947.0
149 2918.0
150 2888.0
151 2870.0
152 2851.0
153 2831.0
154 2810.0
155 2788.0
156 2765.0
157 2759.0
158 2752.0
159 2744.0
160 2735.0
161 2725.0
162 2714.0
163 2702.0
164 2689.0
165 2678.0
166 2666.0
167 2653.0
168 2639.0
169 2624.0
170 2608.0
171 2591.0
172 2573.0
173 2554.0
174 2535.0
175 2515.0
176 2494.0
177 2472.0
178 2449.0
179 2425.0
180 2400.0
181 2375.0
182 2349.0
183 2322.0
184 2301.0
185 2279.0
186 2256.0
187 2232.0
188 2207.0
189 2181.0
190 2154.0
191 2126.0
192 2097.0
193 2067.0
194 2037.0
195 2006.0
196 1974.0
197 1941.0
198 1909.0
199 1876.0
200 1842.0
201 1810.0
202 1805.0
203 1799.0
204 1792.0
205 1784.0
206 1775.0
207 1765.0
208 1764.0
209 1762.0
210 1759.0
211 1755.0
212 1750.0
213 1744.0
214 1737.0
215 1729.0
216 1720.0
217 1710.0
218 1699.0
219 1687.0
220 1674.0
221 1660.0
222 1645.0
223 1639.0
224 1633.0
225 1626.0
226 1618.0
227 1609.0
228 1604.0
229 1598.0
230 1591.0
231 1583.0
232 1574.0
233 1564.0
234 1553.0
235 1541.0
236 1528.0
237 1514.0
238 1499.0
239 1483.0
240 1466.0
241 1450.0
242 1433.0
243 1415.0
244 1402.0
245 1388.0
246 1373.0
247 1357.0
248 1340.0
249 1327.0
250 1313.0
251 1298.0
252 1282.0
253 1265.0
254 1257.0
255 1248.0
256 1238.0
257 1227.0
258 1215.0
259 1202.0
260 1188.0
261 1173.0
262 1157.0
263 1140.0
264 1122.0
265 1103.0
266 1083.0
267 1062.0
268 1040.0
269 1017.0
270 993.0
271 968.0
272 942.0
273 915.0
274 887.0
275 866.0
276 844.0
277 821.0
278 797.0
279 772.0
280 746.0
281 719.0
282 714.0
283 708.0
284 701.0
285 693.0
286 684.0
287 674.0
288 663.0
289 651.0
290 638.0
291 624.0
292 609.0
293 593.0
294 576.0
295 558.0
296 539.0
297 519.0
298 498.0
299 476.0
300 453.0
301 429.0
302 404.0
303 381.0
304 357.0
305 346.0
306 334.0
307 321.0
308 307.0
309 303.0
310 298.0
311 292.0
312 285.0
313 277.0
314 268.0
315 258.0
316 247.0
317 235.0
318 222.0
319 212.0
320 201.0
321 189.0
322 176.0
323 162.0
324 147.0
325 131.0
326 114.0
327 96.0
328 77.0
329 74.0
330 70.0
331 65.0
332 59.0
333 52.0
334 44.0
335 35.0
336 25.0
337 14.0
338 12.0
339 9.0
