1 340.0
2 674.0
3 1001.0
4 1319.0
5 1627.0
6 1923.0
7 2207.0
8 2476.0
9 2729.0
10 2966.0
11 3184.0
12 3382.0
13 3559.0
14 3715.0
15 3849.0
16 3960.0
17 4047.0
18 4107.0
19 4146.0
20 4169.0
21 4182.0
22 4185.0
23 4179.0
24 4174.0
25 4165.0
26 4152.0
27 4151.0
28 4148.0
29 4143.0
30 4136.0
31 4128.0
32 4119.0
33 4109.0
34 4098.0
35 4086.0
36 4073.0
37 4059.0
38 4044.0
39 4028.0
40 4011.0
41 3993.0
42 3974.0
43 3955.0
44 3935.0
45 3914.0
46 3899.0
47 3883.0
48 3866.0
49 3863.0
50 3859.0
51 3854.0
52 3853.0
53 3851.0
54 3848.0
55 3844.0
56 3839.0
57 3833.0
58 3826.0
59 3818.0
60 3810.0
61 3801.0
62 3791.0
63 3780.0
64 3768.0
65 3756.0
66 3750.0
67 3743.0
68 3735.0
69 3726.0
70 3716.0
71 3705.0
72 3693.0
73 3680.0
74 3666.0
75 3651.0
76 3635.0
77 3618.0
78 3600.0
79 3581.0
80 3561.0
81 3540.0
82 3518.0
83 3495.0
84 3486.0
85 3476.0
86 3465.0
87 3453.0
88 3440.0
89 3426.0
90 3411.0
91 3395.0
92 3378.0
93 3360.0
94 3341.0
95 3321.0
96 3300.0
97 3278.0
98 3255.0
99 3231.0
100 3206.0
101 3180.0
102 3159.0
103 3137.0
104 3120.0
105 3119.0
106 3117.0
107 3114.0
108 3110.0
109 3105.0
110 3099.0
111 3092.0
112 3087.0
113 3081.0
114 3074.0
115 3066.0
116 3057.0
117 3047.0
118 3036.0
119 3024.0
120 3011.0
121 2997.0
122 2982.0
123 2966.0
124 2949.0
125 2933.0
126 2916.0
127 2907.0
128 2897.0
129 2886.0
130 2874.0
131 2861.0
132 2847.0
133 2832.0
134 2816.0
135 2799.0
136 2781.0
137 2762.0
138 2751.0
139 2739.0
140 2726.0
141 2716.0
142 2705.0
143 2693.0
144 2680.0
145 2666.0
146 2651.0
147 2635.0
148 2618.0
149 2600.0
150 2581.0
151 2561.0
152 2540.0
153 2518.0
154 2495.0
155 2471.0
156 2446.0
157 2432.0
158 2419.0
159 2405.0
160 2390.0
161 2374.0
162 2357.0
163 2339.0
164 2323.0
165 2306.0
166 2288.0
167 2269.0
168 2249.0
169 2230.0
170 2210.0
171 2189.0
172 2167.0
173 2144.0
174 2131.0
175 2117.0
176 2102.0
177 2086.0
178 2069.0
179 2051.0
180 2041.0
181 2030.0
182 2018.0
183 2015.0
184 2011.0
185 2006.0
186 2000.0
187 1993.0
188 1985.0
189 1976.0
190 1966.0
191 1955.0
192 1943.0
193 1930.0
194 1916.0
195 1901.0
196 1885.0
197 1868.0
198 1850.0
199 1831.0
200 1814.0
201 1796.0
202 1794.0
203 1791.0
204 1787.0
205 1782.0
206 1776.0
207 1769.0
208 1761.0
209 1754.0
210 1746.0
211 1737.0
212 1727.0
213 1716.0
214 1711.0
215 1705.0
216 1698.0
217 1690.0
218 1681.0
219 1671.0
220 1660.0
221 1648.0
222 1635.0
223 1621.0
224 1606.0
225 1591.0
226 1575.0
227 1558.0
228 1551.0
229 1543.0
230 1534.0
231 1524.0
232 1513.0
233 1501.0
234 1488.0
235 1474.0
236 1459.0
237 1443.0
238 1426.0
239 1408.0
240 1390.0
241 1371.0
242 1361.0
243 1350.0
244 1338.0
245 1325.0
246 1311.0
247 1296.0
248 1280.0
249 1263.0
250 1245.0
251 1226.0
252 1218.0
253 1209.0
254 1199.0
255 1188.0
256 1176.0
257 1163.0
258 1150.0
259 1136.0
260 1121.0
261 1105.0
262 1088.0
263 1077.0
264 1065.0
265 1052.0
266 1038.0
267 1023.0
268 1007.0
269 990.0
270 981.0
271 971.0
272 960.0
273 948.0
274 935.0
275 921.0
276 906.0
277 899.0
278 898.0
279 896.0
280 893.0
281 889.0
282 884.0
283 878.0
284 871.0
285 863.0
286 854.0
287 844.0
288 836.0
289 835.0
290 833.0
291 830.0
292 826.0
293 821.0
294 815.0
295 808.0
296 800.0
297 791.0
298 781.0
299 770.0
300 758.0
301 745.0
302 731.0
303 716.0
304 700.0
305 683.0
306 665.0
307 646.0
308 634.0
309 621.0
310 607.0
311 592.0
312 576.0
313 559.0
314 541.0
315 524.0
316 506.0
317 487.0
318 467.0
319 446.0
320 424.0
321 410.0
322 395.0
323 379.0
324 362.0
325 344.0
326 325.0
327 305.0
328 284.0
329 262.0
330 239.0
331 215.0
332 190.0
333 164.0
334 137.0
335 109.0
336 80.0
337 66.0
338 51.0
339 35.0
