10000010101111000100000000001111010001011000000000
11010001011111001101100110100100000100110000100010
10010000011101110110000000000000100001110010010001
10100100001100000000000000010111110000000100001000
01011010000000000011000100010010111110000100000010
00100010001000110110101101101010001100000100010000
00101010010110011000111001111101110010011000100101
01001111011011100000000000001100010001001000010000
01000001001100001000101001000010011110100100000111
00001100010110000010001000101010000001000011010000
00111101000110100011010100101000100111011101000001
00010101010101000100010110011010000000001010001011
00110001110011000000010101110101101101110000000000
00011000100010010000100000000000001011000100101110
00010001100111000001100001001001011101100000100001
00010101000000001000101110100110001100010000000110
00000001010000011111101001000001111011011100000010
11000100010010111110000000100000010100000110000000
00010100010010100011111001000100000001000100110101
00001100101010000110100100001101110000011000001100
10111010100000011000011101000101000110111111000000
00111100111101110110100011111001000101100101110101
10101000110101111100101000000000100100001000100111
00000100100000110100011000001000011100100010100000
00010100010000110100010100010001011000110000000010
00011000001101000000100101100010000000000011010111
11100000000010001001110000010010010000101001010001
11100000000000100001001011110110001100101100100010
10001110110010001000001100100001000010110100001100
00101000100000010000100001101000111000001100100100
01000011000100001001011111100000100000001010001000
00111110101000001000011010010100001011101000000010
00101000000100001000010010101011011010000101110100
01001110110100000000101110011010010100100110001110
01110111111100100011000010000010000111001010111100
10001000001000101000001001100011100111000011001000
10111000001000100000101110010001000100100111100000
01000110000000000110100010000010000100101011011000
10001000010110111110101001011111110001111010010000
00001010000011111011101001010011010001001110111010
00000001010001011010010000011000111110010100100110
00000100000001001010000001010000111110011000001001
10011001000101101101100100101111110000001000010000
10010101011011010100101001011000000010010000101101
00001100011100111001100000000001000101010011001100
01110011100110001011101001100000110000001001000010
11010000110001110011100110001011101000000010111110
00000011001001100010000100000000100101011100110100
10000010010101010110010000111011000001101001110001
00100000001011111001100000110100111011111100000010
00000110100011001000001000110101000100101100000100
01100000010100000101110110000000001101010001001010
11011000100010000101100100101100000010100001000100
01001000100101101010110110100000100101011001000010
11001101000010111011000001101000001000001111110010
01011111100100000010110011010001111011101111001010
01101101001011000000010011001101100101110100101000
10010000010000100010000000111001000100001000001100
00000000000110011000000101011010000101000101101000
00101100101000001100100011101000000000100000100000
00101010000000000000110100100010110100011010000000
00111111101010000010100000111101010101000000001001
10100000000100100000110000101100101000000100000000
00010001111001101000101001000111111101010001101000
01010010101010100000000100010100000000000110011110
00000000110000001000101100001100100001101100100100
00010110000010000101111000000100110100001100001011
11010001000001000100010000000000010010000001111111
00010001011101000111001011000000010100000101110110
00111101111000001010101000111001000001100100000111
00000110110001000100101111000111101101000001100111
01000000000010001100100000000111001010010010000011
00011000010000000000001000010111010010100010011110
10001100001001011100100011100110000010000100010100
00011110000100100001010000001010001000101110000011
10000011000001011011111011111001001011000100010010
00011110101111100101010101111000010100001010100101
11111001001011000000100001001101101010000011101001
01000100111110111110010101000001110010110100001110
01000101011010101000101101000001101010000011100010
10100101001011010111110010101100001001000001011101
11010101010100000000001011100100110111010000101000
10100100110010000000