00000101110001000100100111111101000010000101000001
00010010100010010111101111101111100101001110101001
11100001000100000001000101111101010111000001111001
01001000001100101010100010101010110010000111100000
01001100111011001000110110111000000101000100011111
01010111110100000110110111110101110010000011000100
10011010100000010101110000000000100010101001001010
10010001101011111001011101110100101000100000000111
00100101010111110010001011110000001001110010000100
10111000001001000110000101101110110110100000000100
00000111000111111010100011000110110000011000001000
00100100010100010001100101110000001101110010101100
01110011110010100100000110100010000011000000010000
00000100011110011000111001011000101100110001110011
00010000001111000000000010000100111110110110010000
01111100010010100100000100101100110001110011000100
00000001100001011110010100100001000010010110001111
00000010111100000101100101000000100100111000001010
00010111010011000110000100001010010010110000111010
01000010110000000110010110111101000100001010001010
00001010000001101000000000101101111101111110100000
10010110101010010100100000011011011011111001111100
11011100010010000011101111100110000001100101010100
11111000110110010100001110010101111100101001000000
10001101010100010000010110000111110111100111001010
00000101101000001111100011011111110100011100100000
11010100100111000001000001000010100101000100010000
10000001010100011101101010110000001000011001100010
10000010111100100011011100000110110001000011110101
01001010001000000001100101001110001011001001011011
00011100111011111001001001101110110010001100001010
00010011001100111100101001101110011100001000001111
01111100100100001011010110011100100001001011001000
01000000001001111111001000000000001000101100010011
00100010100001101001111001001010001100000101101011
11011000000010110100100000111110001111101010000001
00100100000110000010000100101101101011001101000000
11001000010000010100001010000000010101110100000000
00110111111110001101100001000000001010100000001011
00011000011101100010010110001000000001101000001000
01111101101011010100010000000011010000010000100010
00010010110001111000000101111110010000010100000010
00010010000000001110011011011001000011011100101010
00000000111111011010011011100101000011000111001111
00111100000110101010010101101101111110010010110000
01011000010011001110110010000101000011010111010001
01100100010101100010000000000010000100000110101000
00101010001011010000011001010000000100110100010011
11111011000001010010101101101111110010011101101000
01001001000100100101100100010111100101001000110010
00000001100000010010011001111010100001100000001001
10000001010000000000011000010110010000010000000010
11001010010111100001000100000000000101101101111000
00000000001000001100011111001110010101010111010000
11000001001010000011010000010111001000101001101010
01010110110111111001001110100000011110100001100111
10011010100101010001001011000111010000010100100000
01100011100110001000011001000000100100100011000011
10010100000110100100000101000001010010101101101111
11001001110110100000101010100111100101000100101101
01001001001000110100011000111110011111100000000010
10000010100010001000010000000110000010000100111110
01010010010000000100101100010001011100111000001111
01101110010111100111000001000000010100100011001101
01000000010000000000001110101111001001000100000110
00000100011011101000010100011000111110011011001010
01001001000001001000000111101110010001001101010001
11010000010101000000011101100010110100000110110100
01000100001001100010001001010111110001011101001101
01010001101001010111010010010101100000110000000010
11110001010010100010010111010010100010001000110101
01101101001001111001010010011001000000010101000100
11010001010111100000010000100100010000010000110010
10100101000000011110100000110010010100101101100001
11001000000000000001010000101100010100000000111010
00011001111001001101000110111100101010111001010000
01000001110000011000111101001010001000100000111010
00011001111010010001000000010000110000001110100001
10010010111011110000001011001101001111011011011101
10110101110000001011011111010001100011100111000001
01000100010000100100101001010000010100101011011011
11110010011101101000000111010000010100100000110011
01011000111000000101110100010011010001101001011101
001100000010100000000