21 46 1 113 10 33 2 50 11 76 30 26 63 27 39 57 51 
23 40 34 15 33 4 10 16 118 4 7 41 52 19 47 61 22 
48 42 134 119 13 5 17 104 20 59 28 55 24 8 49 57 53 
25 77 78 79 15 10 43 16 44 45 17 46 55 80 120 121 52 
55 105 23 47 62 56 23 64 38 9 39 48 38 122 40 49 55 
26 31 30 1 51 27 114 65 41 81 115 42 28 31 19 82 30 
11 26 34 34 83 12 26 2 56 84 66 62 60 24 16 36 13 
3 33 23 20 48 61 135 37 123 27 32 51 67 28 21 25 55 
32 62 8 47 68 52 43 57 85 48 61 86 38 44 4 45 16 
49 56 40 33 87 69 53 23 26 32 70 124 2 8 41 125 59 
27 55 23 22 48 42 57 126 88 21 89 15 19 9 90 1 46 
50 91 30 61 52 24 47 17 13 12 106 13 71 25 92 93 10 
2 48 7 23 15 16 52 17 8 24 39 23 44 107 10 49 94 
12 40 116 27 40 36 9 25 42 44 45 17 10 56 42 33 3 
127 39 4 37 95 53 23 96 16 10 11 17 10 46 108 13 31 
97 2 20 32 15 55 128 136 7 16 57 129 17 47 16 98 23 
48 109 50 38 41 23 16 43 43 110 49 51 60 72 130 24 21 
99 17 111 38 56 1 73 100 52 2 57 7 101 56 25 17 117 
3 74 131 16 102 38 1 56 17 29 132 32 1 45 112 37 41 
53 33 26 56 23 47 103 10 133 2 9 39 52 3 57 75 15
