340
339
338
337
336
335
334
333
332
331
330
329
328
327
326
325
324
323
322
321
320
319
318
317
316
315
314
313
312
311
310
309
308
307
306
305
304
303
302
301
300
299
298
297
296
295
294
293
292
291
290
289
288
287
286
285
284
283
282
281
280
279
278
277
276
275
274
273
272
271
270
269
268
267
266
265
264
263
262
261
260
259
258
257
256
255
254
253
252
251
250
249
248
247
246
245
244
243
242
241
240
239
238
237
236
235
234
233
232
231
230
229
228
227
226
225
224
223
222
221
220
219
218
217
216
215
214
213
212
211
210
209
208
207
206
205
204
203
202
201
200
199
198
197
196
195
194
193
192
191
190
189
188
187
186
185
184
183
182
181
180
179
178
177
176
175
174
173
172
171
170
169
168
167
166
165
164
163
162
161
160
159
158
157
156
155
154
153
152
151
150
149
148
147
146
145
144
143
142
141
140
139
138
137
136
135
134
133
132
131
130
129
128
127
126
125
124
123
122
121
120
119
118
117
116
115
114
113
112
111
110
109
108
107
106
105
104
103
102
101
100
99
98
97
96
95
94
93
92
91
90
89
88
87
86
85
84
83
82
81
80
79
78
77
76
75
74
73
72
71
70
69
68
67
66
65
64
63
62
61
60
59
58
57
56
55
54
53
52
51
50
49
48
47
46
45
44
43
42
41
40
39
38
37
36
35
34
33
32
31
30
29
28
27
26
25
24
23
22
21
20
19
18
17
16
15
14
13
12
11
10
9
8
7
6
5
4
3
2
1
1
2
3
4
5
6
7
8
9
10
11
12
13
14
15
16
17
34
51
68
85
102
119
136
153
170
187
204
221
238
255
272
289
306
323
340
339
338
337
336
335
334
333
332
331
330
329
328
327
326
325
324
307
290
273
256
239
222
205
188
171
154
137
120
103
86
69
52
35
18
19
20
21
22
23
24
25
26
27
28
29
30
31
32
33
50
67
84
101
118
135
152
169
186
203
220
237
254
271
288
305
322
321
320
319
318
317
316
315
314
313
312
311
310
309
308
291
274
257
240
223
206
189
172
155
138
121
104
87
70
53
36
37
38
39
40
41
42
43
44
45
46
47
48
49
66
83
100
117
134
151
168
185
202
219
236
253
270
287
304
303
302
301
300
299
298
297
296
295
294
293
292
275
258
241
224
207
190
173
156
139
122
105
88
71
54
55
56
57
58
59
60
61
62
63
64
65
82
99
116
133
150
167
184
201
218
235
252
269
286
285
284
283
282
281
280
279
278
277
276
259
242
225
208
191
174
157
140
123
106
89
72
73
74
75
76
77
78
79
80
81
98
115
132
149
166
183
200
217
234
251
268
267
266
265
264
263
262
261
260
243
226
209
192
175
158
141
124
107
90
91
92
93
94
95
96
97
114
131
148
165
182
199
216
233
250
249
248
247
246
245
244
227
210
193
176
159
142
125
108
109
110
111
112
113
130
147
164
181
198
215
232
231
230
229
228
211
194
177
160
143
126
127
128
129
146
163
180
197
214
213
212
195
178
161
144
145
162
179
196
1
18
35
52
69
86
103
120
137
154
171
188
205
222
239
256
273
290
307
324
325
308
291
274
257
240
223
206
189
172
155
138
121
104
87
70
53
36
19
2
3
20
37
54
71
88
105
122
139
156
173
190
207
224
241
258
275
292
309
326
327
310
293
276
259
242
225
208
191
174
157
140
123
106
89
72
55
38
21
4
5
22
39
56
73
90
107
124
141
158
175
192
209
226
243
260
277
294
311
328
329
312
295
278
261
244
227
210
193
176
159
142
125
108
91
74
57
40
23
6
7
24
41
58
75
92
109
126
143
160
177
194
211
228
245
262
279
296
313
330
331
314
297
280
263
246
229
212
195
178
161
144
127
110
93
76
59
42
25
8
9
26
43
60
77
94
111
128
145
162
179
196
213
230
247
264
281
298
315
332
333
316
299
282
265
248
231
214
197
180
163
146
129
112
95
78
61
44
27
10
11
28
45
62
79
96
113
130
147
164
181
198
215
232
249
266
283
300
317
334
335
318
301
284
267
250
233
216
199
182
165
148
131
114
97
80
63
46
29
12
13
30
47
64
81
98
115
132
149
166
183
200
217
234
251
268
285
302
319
336
337
320
303
286
269
252
235
218
201
184
167
150
133
116
99
82
65
48
31
14
15
32
49
66
83
100
117
134
151
168
185
202
219
236
253
270
287
304
321
338
339
322
305
288
271
254
237
220
203
186
169
152
135
118
101
84
67
50
33
16
17
34
51
68
85
102
119
136
153
170
187
204
221
238
255
272
289
306
323
340
1
18
35
52
69
86
103
120
137
154
171
188
205
222
239
256
273
290
307
324
2
19
36
53
70
87
104
121
138
155
172
189
206
223
240
257
274
291
308
325
3
20
37
54
71
88
105
122
139
156
173
190
207
224
241
258
275
292
309
326
4
21
38
55
72
89
106
123
140
157
174
191
208
225
242
259
276
293
310
327
5
22
39
56
73
90
107
124
141
158
175
192
209
226
243
260
277
294
311
328
6
23
40
57
74
91
108
125
142
159
176
193
210
227
244
261
278
295
312
329
7
24
41
58
75
92
109
126
143
160
177
194
211
228
245
262
279
296
313
330
8
25
42
59
76
93
110
127
144
161
178
195
212
229
246
263
280
297
314
331
9
26
43
60
77
94
111
128
145
162
179
196
213
230
247
264
281
298
315
332
10
27
44
61
78
95
112
129
146
163
180
197
214
231
248
265
282
299
316
333
11
28
45
62
79
96
113
130
147
164
181
198
215
232
249
266
283
300
317
334
12
29
46
63
80
97
114
131
148
165
182
199
216
233
250
267
284
301
318
335
13
30
47
64
81
98
115
132
149
166
183
200
217
234
251
268
285
302
319
336
14
31
48
65
82
99
116
133
150
167
184
201
218
235
252
269
286
303
320
337
15
32
49
66
83
100
117
134
151
168
185
202
219
236
253
270
287
304
321
338
16
33
50
67
84
101
118
135
152
169
186
203
220
237
254
271
288
305
322
339
17
34
51
68
85
102
119
136
153
170
187
204
221
238
255
272
289
306
323
340
1
2
3
4
5
6
7
8
9
10
11
12
13
14
15
16
17
18
19
20
21
22
23
24
25
26
27
28
29
30
31
32
33
34
35
36
37
38
39
40
41
42
43
44
45
46
47
48
49
50
51
52
53
54
55
56
57
58
59
60
61
62
63
64
65
66
67
68
69
70
71
72
73
74
75
76
77
78
79
80
81
82
83
84
85
86
87
88
89
90
91
92
93
94
95
96
97
98
99
100
101
102
103
104
105
106
107
108
109
110
111
112
113
114
115
116
117
118
119
120
121
122
123
124
125
126
127
128
129
130
131
132
133
134
135
136
137
138
139
140
141
142
143
144
145
146
147
148
149
150
151
152
153
154
155
156
157
158
159
160
161
162
163
164
165
166
167
168
169
170
171
172
173
174
175
176
177
178
179
180
181
182
183
184
185
186
187
188
189
190
191
192
193
194
195
196
197
198
199
200
201
202
203
204
205
206
207
208
209
210
211
212
213
214
215
216
217
218
219
220
221
222
223
224
225
226
227
228
229
230
231
232
233
234
235
236
237
238
239
240
241
242
243
244
245
246
247
248
249
250
251
252
253
254
255
256
257
258
259
260
261
262
263
264
265
266
267
268
269
270
271
272
273
274
275
276
277
278
279
280
281
282
283
284
285
286
287
288
289
290
291
292
293
294
295
296
297
298
299
300
301
302
303
304
305
306
307
308
309
310
311
312
313
314
315
316
317
318
319
320
321
322
323
324
325
326
327
328
329
330
331
332
333
334
335
336
337
