1
2
3
7
8
9
13
14
15
19
20
21
25
26
27
31
32
33
37
38
39
43
44
45
49
50
51
55
56
57
61
62
63
67
68
69
73
74
75
79
80
81
85
86
87
91
92
93
97
98
99
103
104
105
109
110
111
115
116
117
121
122
123
127
128
129
133
134
135
139
140
141
145
146
147
151
152
153
157
158
159
163
164
165
169
170
171
175
176
177
181
182
183
187
188
189
193
194
195
199
200
201
205
206
207
211
212
213
217
218
219
223
224
225
229
230
231
235
236
237
241
242
243
247
248
249
253
254
255
259
260
261
265
266
267
271
272
273
277
278
279
283
284
285
289
290
291
295
296
297
301
302
303
307
308
309
313
314
315
319
320
321
325
326
327
331
332
333
337
338
339
1
18
35
52
69
86
103
120
137
154
171
188
205
222
239
256
273
290
307
324
325
308
291
274
257
240
223
206
189
172
155
138
121
104
87
70
53
36
19
2
3
20
37
54
71
88
105
122
139
156
173
190
207
224
241
258
275
292
309
326
327
310
293
276
259
242
225
208
191
174
157
140
123
106
89
72
55
38
21
4
5
22
39
56
73
90
107
124
141
158
175
192
209
226
243
260
277
294
311
328
329
312
295
278
261
244
227
210
193
176
159
142
125
108
91
74
57
40
23
6
7
24
41
58
75
92
109
126
143
160
177
194
211
228
245
262
279
296
313
330
331
314
297
280
263
246
229
212
195
178
161
144
127
110
93
76
59
42
25
8
9
26
43
60
77
94
111
128
145
162
179
196
213
230
247
264
281
298
315
332
333
316
299
282
265
248
231
214
197
180
163
146
129
112
95
78
61
44
27
10
11
28
45
62
79
96
113
130
147
164
181
198
215
232
249
266
283
300
317
334
335
318
301
284
267
250
233
216
199
182
165
148
131
114
97
80
63
46
29
12
13
30
47
64
81
98
115
132
149
166
183
200
217
234
251
268
285
302
319
336
337
320
303
286
269
252
235
218
201
184
167
150
133
116
99
82
65
48
31
14
15
32
49
66
83
100
117
134
151
168
185
202
219
236
253
270
287
304
321
338
339
322
305
288
271
254
237
220
203
186
169
152
135
118
101
84
67
50
33
16
17
34
51
68
85
102
119
136
153
170
187
204
221
238
255
272
289
306
323
340
