9
26
43
60
77
94
111
128
145
162
179
196
213
230
247
264
281
298
315
332
154
155
156
157
158
159
160
161
163
164
165
166
167
168
169
170
144
178
180
146
129
127
126
143
177
194
195
197
198
181
147
130
113
112
110
109
108
125
142
176
193
210
211
212
214
215
216
199
182
148
131
114
97
96
95
93
92
91
90
107
124
141
175
192
209
226
227
228
229
231
232
233
234
217
200
183
149
132
115
98
81
80
79
78
76
75
74
73
72
89
106
123
140
174
191
208
225
242
243
244
245
246
248
249
250
251
252
235
218
201
184
150
133
116
99
82
65
64
63
62
61
59
58
57
56
55
54
71
88
105
122
139
173
190
207
224
241
258
259
260
261
262
263
265
266
267
268
269
270
253
236
219
202
185
151
134
117
100
83
66
49
48
47
46
45
44
42
41
40
39
38
37
36
53
70
87
104
121
138
172
189
206
223
240
257
274
275
276
277
278
279
280
282
283
284
285
286
287
288
271
254
237
220
203
186
152
135
118
101
84
67
50
33
32
31
30
29
28
27
25
24
23
22
21
20
19
18
35
52
69
86
103
120
137
171
188
205
222
239
256
273
290
291
292
293
294
295
296
297
299
300
301
302
303
304
305
306
289
272
255
238
221
204
187
153
136
119
102
85
68
51
34
17
16
15
14
13
12
11
10
8
7
6
5
4
3
2
1
307
308
309
310
311
312
313
314
316
317
318
319
320
321
322
323
340
339
338
337
336
335
334
333
330
329
328
327
326
325
324
331
