1
2
3
4
5
6
7
8
9
10
11
13
14
15
17
18
19
21
24
26
27
28
30
32
33
35
36
37
38
39
41
42
43
44
47
50
51
52
53
54
56
57
60
62
63
66
67
71
74
75
76
77
79
80
82
84
86
88
89
90
91
92
95
96
97
98
101
106
107
111
112
113
114
115
118
119
121
123
124
125
127
130
131
135
137
138
139
141
143
144
146
147
148
149
150
153
156
157
158
160
161
163
164
166
167
168
169
171
173
176
177
178
179
180
181
182
183
184
185
186
187
189
190
191
192
193
194
197
199
202
203
204
208
209
212
213
215
216
217
219
221
222
223
224
225
226
227
231
233
234
236
239
240
241
244
247
248
249
250
251
252
256
257
261
262
265
266
268
269
270
271
273
274
275
277
280
281
283
284
285
286
287
289
293
294
296
297
298
299
300
301
302
306
307
308
309
310
311
312
314
317
318
319
322
323
324
325
326
327
328
329
330
331
333
334
336
337
338
339
99
