196
213
230
247
264
281
298
315
332
10
27
44
61
78
95
112
129
146
163
180
197
214
231
248
265
282
299
316
333
11
28
45
62
79
96
113
130
147
164
181
198
215
232
249
266
283
300
317
334
12
29
46
63
80
97
114
131
148
165
182
199
216
233
250
267
284
301
318
335
13
30
47
64
81
98
115
132
149
166
183
200
217
234
251
268
285
302
319
336
14
31
48
65
82
99
116
133
150
167
184
201
218
235
252
269
286
303
320
337
15
32
49
66
83
100
117
134
151
168
185
202
219
236
253
270
287
304
321
338
16
33
50
67
84
101
118
135
152
169
186
203
220
237
254
271
288
305
322
339
17
34
51
68
85
102
119
136
153
170
187
204
221
238
255
272
289
306
323
340
340
339
338
337
336
335
334
333
332
331
330
329
328
327
326
325
324
323
322
321
320
319
318
317
316
315
314
313
312
311
310
309
308
307
306
305
304
303
302
301
300
299
298
297
296
295
294
293
292
291
290
289
288
287
286
285
284
283
282
281
280
279
278
277
276
275
274
273
272
271
270
269
268
267
266
265
264
263
262
261
260
259
258
257
256
255
254
253
252
251
250
249
248
247
246
245
244
243
242
241
240
239
238
237
236
235
234
233
232
231
230
229
228
227
226
225
224
223
222
221
220
219
218
217
216
215
214
213
212
211
210
209
208
207
206
205
204
203
202
201
200
199
198
197
196
195
194
193
192
191
190
189
188
187
186
185
184
183
182
181
180
179
178
177
176
175
174
173
172
171
170
169
168
167
166
165
164
163
162
161
160
159
158
157
156
155
154
153
152
151
150
149
148
147
146
145
144
143
142
141
140
139
138
137
136
135
134
133
132
131
130
129
128
127
126
125
124
123
122
121
120
119
118
117
116
115
114
113
112
111
110
109
108
107
106
105
104
103
102
101
100
99
98
97
96
95
94
93
92
91
90
89
88
87
86
85
84
83
82
81
80
79
78
77
76
75
74
73
72
71
70
69
68
67
66
65
64
63
62
61
60
59
58
57
56
55
54
53
52
51
50
49
48
47
46
45
44
43
42
41
40
39
38
37
36
35
34
33
32
31
30
29
28
27
26
25
24
23
22
21
20
19
18
17
16
15
14
13
12
11
10
9
8
7
6
5
4
3
2
1
