1
2
3
8
9
11
13
14
15
17
18
21
26
27
28
32
35
37
39
41
42
43
44
47
50
51
52
60
63
66
67
71
76
77
79
80
82
88
90
92
96
98
101
106
109
111
113
114
115
118
119
121
123
127
130
131
135
139
143
144
146
147
150
153
157
158
161
163
167
168
171
173
177
178
179
180
181
184
185
186
187
192
193
194
197
199
202
203
204
208
212
213
215
216
219
221
223
224
225
234
240
241
244
247
248
250
251
252
256
261
262
264
269
271
273
275
277
280
283
285
286
287
289
293
294
296
298
299
300
301
302
307
308
311
315
317
318
319
322
325
326
327
328
331
333
334
338
339
