333
334
335
336
337
338
19
89
105
130
160
195
191
225
231
230
233
166
164
165
167
168
169
117
116
114
91
92
125
94
111
93
110
127
145
156
174
175
210
211
212
244
245
261
262
294
295
277
276
293
281
298
299
282
280
297
314
315
316
317
300
283
284
252
218
219
220
221
204
202
203
1
2
3
53
55
22
21
37
39
40
38
41
58
59
76
75
73
77
78
81
82
83
96
97
113
98
115
147
148
149
134
135
84
85
51
50
33
34
17
16
15
47
48
64
65
63
62
44
28
45
61
27
188
205
222
239
240
291
273
274
257
309
308
325
326
324
307
327
312
313
296
311
310
292
290
275
242
243
260
259
208
246
263
279
278
329
330
332
328
331
265
248
247
264
266
249
196
213
197
180
161
144
143
141
140
139
122
106
107
121
155
172
190
206
207
223
224
226
176
193
177
179
178
194
162
163
159
142
158
157
123
124
108
109
126
120
137
138
154
171
173
189
192
209
227
241
258
256
228
229
215
214
199
216
217
232
234
236
250
251
268
267
285
286
302
301
318
319
304
321
320
303
287
288
305
306
323
322
339
254
237
253
269
270
271
235
201
183
198
181
182
200
184
185
153
152
151
150
133
132
131
146
128
129
112
95
79
80
99
100
66
49
46
29
12
10
26
43
60
42
25
23
57
74
90
71
105
88
104
87
86
69
70
72
103
52
35
36
18
20
54
56
4
5
24
7
6
8
9
11
13
30
14
31
32
67
68
101
118
119
136
170
186
187
102
238
272
255
289
340
