333
334
335
337
336
338
1
2
3
4
5
6
7
8
9
10
11
12
13
14
15
16
17
18
19
20
21
22
23
24
25
26
27
28
29
30
31
32
33
34
35
36
37
38
39
40
41
42
43
44
45
46
47
48
49
50
51
52
53
54
55
56
57
58
59
60
61
62
63
64
65
66
67
68
69
70
71
72
73
74
75
76
77
78
79
80
81
82
83
84
85
86
87
88
89
90
91
92
93
94
95
96
97
98
99
100
101
102
103
104
105
106
107
108
109
110
111
112
113
114
115
116
117
118
119
120
121
122
123
124
125
126
127
128
129
130
131
132
133
134
135
136
137
138
139
140
141
142
143
144
145
146
147
148
149
150
151
152
153
154
155
156
157
158
159
160
161
162
163
164
165
166
167
168
169
170
171
172
173
174
175
176
177
178
179
180
181
182
183
184
185
186
187
188
189
190
191
192
193
194
195
196
197
198
199
200
201
202
203
204
205
206
207
208
209
210
211
212
213
214
215
216
217
218
219
220
221
222
223
224
225
226
227
228
229
230
231
232
233
234
235
236
237
238
239
240
241
242
243
244
245
246
247
248
249
250
251
252
253
254
255
256
257
258
259
260
261
262
263
264
265
266
267
268
269
270
271
272
273
274
275
276
277
278
279
280
281
282
283
284
285
286
287
288
289
290
291
292
293
294
295
296
297
298
299
300
301
302
303
304
305
306
307
308
309
310
311
312
313
314
315
316
317
318
319
320
321
322
323
324
325
326
327
328
329
330
331
332
333
334
335
336
337
338
339
1
2
3
4
5
6
7
8
9
10
11
12
13
14
15
16
17
34
51
68
85
102
119
136
153
170
187
204
221
238
255
272
289
306
323
340
339
338
337
336
335
334
333
332
331
330
329
328
327
326
325
324
307
290
273
256
239
222
205
188
171
154
137
120
103
86
69
52
35
18
19
20
21
22
23
24
25
26
27
28
29
30
31
32
33
50
67
84
101
118
135
152
169
186
203
220
237
254
271
288
305
322
321
320
319
318
317
316
315
314
313
312
311
310
309
308
291
274
257
240
223
206
189
172
155
138
121
104
87
70
53
36
37
38
39
40
41
42
43
44
45
46
47
48
49
66
83
100
117
134
151
168
185
202
219
236
253
270
287
304
303
302
301
300
299
298
297
296
295
294
293
292
275
258
241
224
207
190
173
156
139
122
105
88
71
54
55
56
57
58
59
60
61
62
63
64
65
82
99
116
133
150
167
184
201
218
235
252
269
286
285
284
283
282
281
280
279
278
277
276
259
242
225
208
191
174
157
140
123
106
89
72
73
74
75
76
77
78
79
80
81
98
115
132
149
166
183
200
217
234
251
268
267
266
265
264
263
262
261
260
243
226
209
192
175
158
141
124
107
90
91
92
93
94
95
96
97
114
131
148
165
182
199
216
233
250
249
248
247
246
245
244
227
210
193
176
159
142
125
108
109
110
111
112
113
130
147
164
181
198
215
232
231
230
229
228
211
194
177
160
143
126
127
128
129
146
163
180
197
214
213
212
195
178
161
144
145
162
179
196
280
277
279
278
