11
10
8
6
9
16
5
13
2
4
3
15
12
17
14
1
7
28
27
25
23
26
33
22
30
19
21
20
32
29
34
31
18
24
45
44
42
40
43
50
39
47
36
38
37
49
46
51
48
35
41
62
61
59
57
60
67
56
64
53
55
54
66
63
68
65
52
58
79
78
76
74
77
84
73
81
70
72
71
83
80
85
82
69
75
96
95
93
91
94
101
90
98
87
89
88
100
97
102
99
86
92
113
112
110
108
111
118
107
115
104
106
105
117
114
119
116
103
109
130
129
127
125
128
135
124
132
121
123
122
134
131
136
133
120
126
147
146
144
142
145
152
141
149
138
140
139
151
148
153
150
137
143
164
163
161
159
162
169
158
166
155
157
156
168
165
170
167
154
160
181
180
178
176
179
186
175
183
172
174
173
185
182
187
184
171
177
198
197
195
193
196
203
192
200
189
191
190
202
199
204
201
188
194
215
214
212
210
213
220
209
217
206
208
207
219
216
221
218
205
211
232
231
229
227
230
237
226
234
223
225
224
236
233
238
235
222
228
249
248
246
244
247
254
243
251
240
242
241
253
250
255
252
239
245
266
265
263
261
264
271
