1
2
3
4
5
6
7
8
9
10
11
12
13
14
15
16
17
34
51
68
85
102
119
136
153
170
187
204
221
238
255
272
289
306
323
340
339
338
337
336
335
334
333
332
331
330
329
328
327
326
325
324
307
290
273
256
239
222
205
188
171
154
137
120
103
86
69
52
35
18
19
20
21
22
23
24
25
26
27
28
29
30
31
32
33
50
67
84
101
118
135
152
169
186
203
220
237
254
271
288
305
322
321
320
319
318
317
316
315
314
313
312
311
310
309
308
291
274
257
240
223
206
189
172
155
138
121
104
87
70
53
36
37
38
39
40
41
42
43
44
45
46
47
48
49
66
83
100
117
134
151
168
185
202
219
236
253
270
287
304
303
302
301
300
299
298
297
296
295
294
293
292
275
258
241
224
207
190
173
156
139
122
105
88
71
54
55
56
57
58
59
60
61
62
63
64
65
82
99
116
133
150
167
184
201
218
235
252
269
286
285
284
283
282
281
280
279
278
277
276
259
242
225
208
191
174
157
140
123
106
89
72
73
74
75
76
77
78
79
80
81
98
115
132
149
166
183
200
217
234
251
268
267
266
265
264
263
262
261
260
243
226
209
192
175
158
141
124
107
90
91
92
93
94
95
96
97
114
131
148
165
182
199
216
233
250
249
248
247
246
245
244
227
210
193
176
159
142
125
108
109
110
111
112
113
130
147
164
181
198
215
232
231
230
229
228
211
194
177
160
143
126
127
128
129
146
163
180
197
214
213
212
195
178
161
144
145
162
179
196
1
2
3
4
5
6
7
8
9
10
11
12
13
14
15
16
17
34
51
68
85
102
119
136
153
170
187
204
221
238
255
272
289
306
323
340
339
338
337
336
335
334
333
332
331
330
329
328
327
326
325
324
307
290
273
256
239
222
205
188
171
154
137
120
103
86
69
52
35
18
19
20
21
22
23
24
25
26
27
28
29
30
31
32
33
50
67
84
101
118
135
152
169
186
203
220
237
254
271
288
305
322
321
320
319
318
317
316
315
314
313
312
311
310
309
308
291
274
257
240
223
206
189
172
155
138
121
104
87
70
53
36
37
38
39
40
41
42
43
44
45
46
47
48
49
66
83
100
117
134
151
168
185
202
219
236
253
270
287
304
303
302
301
300
299
298
297
296
295
294
293
292
275
258
241
224
207
190
173
156
139
122
105
88
71
54
55
56
57
58
59
60
61
62
63
64
65
82
99
116
133
150
167
184
201
218
235
252
269
286
285
284
283
282
281
280
279
278
277
276
259
242
225
208
191
174
157
140
123
106
89
72
73
74
75
76
77
78
79
80
81
98
115
132
149
166
183
200
217
234
251
268
267
266
265
264
263
262
261
260
243
226
209
192
175
158
141
124
107
90
91
92
93
94
95
96
97
114
131
148
165
182
199
216
233
250
249
248
247
246
245
244
227
210
193
176
159
142
125
108
109
110
111
112
113
130
147
164
181
198
215
232
231
230
229
228
211
194
177
160
143
126
127
128
129
146
163
180
197
214
213
212
195
178
161
144
145
162
179
196
