0
1
2
3
4
5
6
7
8
9
10
11
12
13
14
15
16
33
50
67
84
101
118
135
152
169
186
203
220
237
254
271
288
305
322
339
338
337
336
335
334
333
332
331
330
329
328
327
326
325
324
323
306
289
272
255
238
221
204
187
170
153
136
119
102
85
68
51
34
17
18
19
20
21
22
23
24
25
26
27
28
29
30
31
32
49
66
83
100
117
134
151
168
185
202
219
236
253
270
287
304
321
320
319
318
317
316
315
314
313
312
311
310
309
308
307
290
273
256
239
222
205
188
171
154
137
120
103
86
69
52
35
36
37
38
39
40
41
42
43
44
45
46
47
48
65
82
99
116
133
150
167
184
201
218
235
252
269
286
303
302
301
300
299
298
297
296
295
294
293
292
291
274
257
240
223
206
189
172
155
138
121
104
87
70
53
54
55
56
57
58
59
60
61
62
63
64
81
98
115
132
149
166
183
200
217
234
251
268
285
284
283
282
281
280
279
278
277
276
275
258
241
224
207
190
173
156
139
122
105
88
71
72
73
74
75
76
77
78
79
80
97
114
131
148
165
182
199
216
233
250
267
266
265
264
263
262
261
260
259
242
225
208
191
174
157
140
123
106
89
90
91
92
93
94
95
96
113
130
147
164
181
198
215
232
249
248
247
246
245
244
243
226
209
192
175
158
141
124
107
108
109
110
111
112
129
146
163
180
197
214
231
230
229
228
227
210
193
176
159
142
125
126
127
128
145
162
179
196
213
212
211
194
177
160
143
144
161
178
195
