4
5
6
7
8
10
12
16
17
34
51
68
85
102
136
153
170
187
204
238
255
272
306
323
340
339
338
336
335
334
333
332
331
330
329
328
326
325
324
290
239
222
205
188
171
154
137
120
103
86
69
52
35
18
19
20
21
22
23
24
25
26
27
28
29
30
31
32
33
67
84
101
152
169
186
203
220
237
254
288
305
322
321
320
319
318
317
316
315
314
313
312
311
310
308
291
274
257
240
206
189
172
155
138
104
87
70
53
36
37
38
39
40
41
42
44
45
46
48
49
83
100
117
134
151
168
185
219
236
253
270
304
303
300
299
297
296
295
294
293
292
258
241
224
207
190
156
139
122
105
71
54
55
56
57
58
59
61
62
63
64
65
99
116
133
150
167
201
218
235
252
269
286
285
284
283
282
281
280
279
278
276
259
242
225
208
191
174
157
140
123
106
89
72
73
74
75
76
78
79
81
98
132
149
166
183
200
217
251
268
267
266
265
264
263
262
261
260
243
226
209
175
141
124
107
90
91
92
93
94
95
96
97
131
148
165
182
199
216
233
249
248
247
246
245
244
227
210
193
176
159
142
125
108
109
110
111
112
113
130
147
164
181
198
215
232
231
230
229
228
211
160
143
126
127
128
129
146
163
180
214
212
161
145
162
179
196
195
