1
18
35
52
69
86
103
120
137
154
171
188
205
222
239
256
273
290
307
324
2
19
36
53
70
87
104
121
138
155
172
189
206
223
240
257
274
291
308
325
3
20
37
54
71
88
105
122
139
156
173
190
207
224
241
258
275
292
309
326
4
21
38
55
72
89
106
123
140
157
174
191
208
225
242
259
276
293
310
327
5
22
39
56
73
90
107
124
141
158
175
192
209
226
243
260
277
294
311
328
6
23
40
57
74
91
108
125
142
159
176
193
210
227
244
261
278
295
312
329
7
24
41
58
75
92
109
126
143
160
177
194
211
228
245
262
279
296
313
330
8
25
42
59
76
93
110
127
144
161
178
195
212
229
246
263
280
297
314
331
9
26
43
60
77
94
111
128
145
162
179
196
213
230
247
264
281
298
315
332
10
27
44
61
78
95
112
129
146
163
180
197
214
231
248
265
282
299
316
333
11
28
45
62
79
96
113
130
147
164
181
198
215
232
249
266
283
300
317
334
12
29
46
63
80
97
114
131
148
165
182
199
216
233
250
267
284
301
318
335
13
30
47
64
81
98
115
132
149
166
183
200
217
234
251
268
285
302
319
336
14
31
48
65
82
99
116
133
150
167
184
201
218
235
252
269
286
303
320
337
15
32
49
66
83
100
117
134
151
168
185
202
219
236
253
270
287
304
321
338
16
33
50
67
84
101
118
135
152
169
186
203
220
237
254
271
288
305
322
339
17
34
51
68
85
102
119
136
153
170
187
204
221
238
255
272
289
306
323
340
1
18
35
52
69
86
103
120
137
154
171
188
205
222
239
256
273
290
307
324
325
308
291
274
257
240
223
206
189
172
155
138
121
104
87
70
53
36
19
2
3
20
37
54
71
88
105
122
139
156
173
190
207
224
241
258
275
292
309
326
327
310
293
276
259
242
225
208
191
174
157
140
123
106
89
72
55
38
21
4
5
22
39
56
73
90
107
124
141
158
175
192
209
226
243
260
277
294
311
328
329
312
295
278
261
244
227
210
193
176
159
142
125
108
91
74
57
40
23
6
7
24
41
58
75
92
109
126
143
160
177
194
211
228
245
262
279
296
313
330
331
314
297
280
263
246
229
212
195
178
161
144
127
110
93
76
59
42
25
8
9
26
43
60
77
94
111
128
145
162
179
196
213
230
247
264
281
298
315
332
333
316
299
282
265
248
231
214
197
180
163
146
129
112
95
78
61
44
27
10
11
28
45
62
79
96
113
130
147
164
181
198
215
232
249
266
283
300
317
334
335
318
301
284
267
250
233
216
199
182
165
148
131
114
97
80
63
46
29
12
13
30
47
64
81
98
115
132
149
166
183
200
217
234
251
268
285
302
319
336
337
320
303
286
269
252
235
218
201
184
167
150
133
116
99
82
65
48
31
14
15
32
49
66
83
100
117
134
151
168
185
202
219
236
253
270
287
304
321
338
339
322
305
288
271
254
237
220
203
186
169
152
135
118
101
84
67
50
33
16
17
34
51
68
85
102
119
136
153
170
187
204
221
238
255
272
289
306
323
340
1
2
3
4
5
6
7
8
9
10
11
12
13
14
15
16
17
34
51
68
85
102
119
136
153
170
187
204
221
238
255
272
289
306
323
340
339
338
337
336
335
334
333
332
331
330
329
328
327
326
325
324
307
290
273
256
239
222
205
188
171
154
137
120
103
86
69
52
35
18
19
20
21
22
23
24
25
26
27
28
29
30
31
32
33
50
67
84
101
118
135
152
169
186
203
220
237
254
271
288
305
322
321
320
319
318
317
316
315
314
313
312
311
310
309
308
291
274
257
240
223
206
189
172
155
138
121
104
87
70
53
36
37
38
39
40
41
42
43
44
45
46
47
48
49
66
83
100
117
134
151
168
185
202
219
236
253
270
287
304
303
302
301
300
299
298
297
296
295
294
293
292
275
258
241
224
207
190
173
156
139
122
105
88
71
54
55
56
57
58
59
60
61
62
63
64
65
82
99
116
133
150
167
184
201
218
235
252
269
286
285
284
283
282
281
280
279
278
277
276
259
242
225
208
191
174
157
140
123
106
89
72
73
74
75
76
77
78
79
80
81
98
115
132
149
166
183
200
217
234
251
268
267
266
265
264
263
262
261
260
243
226
209
192
175
158
141
124
107
90
91
92
93
94
95
96
97
114
131
148
165
182
199
216
233
250
249
248
247
246
245
244
227
210
193
176
159
142
125
108
109
110
111
112
113
130
147
164
181
198
215
232
231
230
229
228
211
194
177
160
143
126
127
128
129
146
163
180
197
214
213
212
195
178
161
144
145
162
179
196
