0
17
34
51
68
85
102
119
136
153
170
187
204
221
238
255
272
289
306
323
1
18
35
52
69
86
103
120
137
154
171
188
205
222
239
256
273
290
307
324
2
19
36
53
70
87
104
121
138
155
172
189
206
223
240
257
274
291
308
325
3
20
37
54
71
88
105
122
139
156
173
190
207
224
241
258
275
292
309
326
4
21
38
55
72
89
106
123
140
157
174
191
208
225
242
259
276
293
310
327
5
22
39
56
73
90
107
124
141
158
175
192
209
226
243
260
277
294
311
328
6
23
40
57
74
91
108
125
142
159
176
193
210
227
244
261
278
295
312
329
7
24
41
58
75
92
109
126
143
160
177
194
211
228
245
262
279
296
313
330
8
25
42
59
76
93
110
127
144
161
178
195
212
229
246
263
280
297
314
331
9
26
43
60
77
94
111
128
145
162
179
196
213
230
247
264
281
298
315
332
10
27
44
61
78
95
112
129
146
163
180
197
214
231
248
265
282
299
316
333
11
28
45
62
79
96
113
130
147
164
181
198
215
232
249
266
283
300
317
334
12
29
46
63
80
97
114
131
148
165
182
199
216
233
250
267
284
301
318
335
13
30
47
64
81
98
115
132
149
166
183
200
217
234
251
268
285
302
319
336
14
31
48
65
82
99
116
133
150
167
184
201
218
235
252
269
286
303
320
337
15
32
49
66
83
100
117
134
151
168
185
202
219
236
253
270
287
304
321
338
16
33
50
67
84
101
118
135
152
169
186
203
220
237
254
271
288
305
322
339
