14
28
42
56
70
84
98
112
126
140
154
168
182
196
210
224
238
252
266
280
294
308
322
336
10
25
40
55
71
86
101
116
131
146
161
176
191
206
221
236
251
267
282
297
312
327
2
18
34
49
65
81
97
114
130
147
163
179
195
212
228
244
260
276
292
309
325
1
19
36
53
72
89
106
123
141
158
175
193
211
229
246
263
281
299
316
333
11
30
48
67
87
105
124
143
162
181
200
218
237
256
274
293
313
331
9
31
51
73
92
111
133
152
172
192
214
233
254
273
295
315
335
16
38
60
80
103
125
148
169
189
213
234
257
278
301
321
4
26
50
75
96
120
144
167
190
216
240
262
286
307
332
17
43
66
93
118
142
170
197
220
245
270
296
320
6
33
61
88
115
139
171
199
225
250
279
305
334
22
52
79
109
137
166
201
227
258
287
317
5
37
68
100
132
160
194
226
259
289
323
13
46
82
117
151
184
217
249
285
319
15
54
90
127
159
202
235
271
306
3
44
83
122
164
204
242
283
324
23
63
107
150
187
232
275
318
24
69
113
157
207
253
300
340
57
102
153
203
248
302
8
62
119
174
222
272
329
41
99
156
215
269
330
47
110
178
239
298
21
85
149
219
288
12
78
155
230
303
32
108
185
264
338
77
173
247
328
76
177
261
7
104
198
291
58
145
265
29
135
243
27
136
268
45
183
310
95
241
59
205
339
180
326
165
337
188
39
231
121
311
209
128
35
290
255
208
186
223
284
20
94
304
134
129
277
91
314
74
64
138
