1
2
3
4
5
6
7
8
9
10
11
12
13
14
15
16
17
18
19
20
21
22
23
24
25
26
27
28
29
30
31
32
33
34
35
36
37
38
39
40
41
42
43
44
45
46
47
48
49
50
51
52
53
54
55
56
57
58
59
60
61
62
63
64
65
66
67
68
69
70
71
72
73
74
75
76
77
78
79
80
81
82
83
84
85
86
87
88
89
90
91
92
93
94
95
96
97
98
99
100
101
102
103
104
105
106
107
108
109
110
111
112
113
114
115
116
117
118
119
120
121
122
123
124
125
126
127
128
129
130
131
132
133
134
135
136
137
138
139
140
141
142
143
144
145
146
147
148
149
150
151
152
153
154
155
156
157
158
159
160
161
162
163
164
165
166
167
168
169
170
171
172
173
174
175
176
177
178
179
180
181
182
183
184
185
186
187
188
189
190
191
192
193
194
195
196
197
198
199
200
201
202
203
204
205
206
207
208
209
210
211
212
213
214
215
216
217
218
219
220
221
222
223
224
225
226
227
228
229
230
231
232
233
234
235
236
237
238
239
240
241
242
243
244
245
246
247
248
249
250
251
252
253
254
255
256
257
258
259
260
261
262
263
264
265
266
267
268
269
270
271
272
273
274
275
276
277
278
279
280
281
282
283
284
285
286
287
288
289
290
291
292
293
294
295
296
297
298
299
300
301
302
303
304
305
306
307
308
309
310
311
312
313
314
315
316
317
318
319
320
321
322
323
324
325
326
327
328
329
330
331
332
333
334
335
336
337
338
339
340
1
18
35
52
69
86
103
120
137
154
171
188
205
222
239
256
273
290
307
324
2
19
36
53
70
87
104
121
138
155
172
189
206
223
240
257
274
291
308
325
3
20
37
54
71
88
105
122
139
156
173
190
207
224
241
258
275
292
309
326
4
21
38
55
72
89
106
123
140
157
174
191
208
225
242
259
276
293
310
327
5
22
39
56
73
90
107
124
141
158
175
192
209
226
243
260
277
294
311
328
6
23
40
57
74
91
108
125
142
159
176
193
210
227
244
261
278
295
312
329
7
24
41
58
75
92
109
126
143
160
177
194
211
228
245
262
279
296
313
330
8
25
42
59
76
93
110
127
144
161
178
195
212
229
246
263
280
297
314
331
9
26
43
60
77
94
111
128
145
162
179
196
213
230
247
264
281
298
315
332
10
27
44
61
78
95
112
129
146
163
180
197
214
231
248
265
282
299
316
333
11
28
45
62
79
96
113
130
147
164
181
198
215
232
249
266
283
300
317
334
12
29
46
63
80
97
114
131
148
165
182
199
216
233
250
267
284
301
318
335
13
30
47
64
81
98
115
132
149
166
183
200
217
234
251
268
285
302
319
336
14
31
48
65
82
99
116
133
150
167
184
201
218
235
252
269
286
303
320
337
15
32
49
66
83
100
117
134
151
168
185
202
219
236
253
270
287
304
321
338
16
33
50
67
84
101
118
135
152
169
186
203
220
237
254
271
288
305
322
339
17
34
51
68
85
102
119
136
153
170
187
204
221
238
255
272
289
306
323
340
337
337
337
337
337
1
1
2
2
1
1
1
1
1
1
1
1
1
