0
17
34
51
68
85
102
119
136
153
170
187
204
221
238
255
272
289
306
323
324
307
290
273
256
239
222
205
188
171
154
137
120
103
86
69
52
35
18
1
2
19
36
53
70
87
104
121
138
155
172
189
206
223
240
257
274
291
308
325
326
309
292
275
258
241
224
207
190
173
156
139
122
105
88
71
54
37
20
3
4
21
38
55
72
89
106
123
140
157
174
191
208
225
242
259
276
293
310
327
328
311
294
277
260
243
226
209
192
175
158
141
124
107
90
73
56
39
22
5
6
23
40
57
74
91
108
125
142
159
176
193
210
227
244
261
278
295
312
329
330
313
296
279
262
245
228
211
194
177
160
143
126
109
92
75
58
41
24
7
8
25
42
59
76
93
110
127
144
161
178
195
212
229
246
263
280
297
314
331
332
315
298
281
264
247
230
213
196
179
162
145
128
111
94
77
60
43
26
9
10
27
44
61
78
95
112
129
146
163
180
197
214
231
248
265
282
299
316
333
334
317
300
283
266
249
232
215
198
181
164
147
130
113
96
79
62
45
28
11
12
29
46
63
80
97
114
131
148
165
182
199
216
233
250
267
284
301
318
335
336
319
302
285
268
251
234
217
200
183
166
149
132
115
98
81
64
47
30
13
14
31
48
65
82
99
116
133
150
167
184
201
218
235
252
269
286
303
320
337
338
321
304
287
270
253
236
219
202
185
168
151
134
117
100
83
66
49
32
15
16
33
50
67
84
101
118
135
152
169
186
203
220
237
254
271
288
305
322
339
