0  8
1  1
2  8
3  0
4  5
5  4
6  8
7  2
8  2
9  7
10 6
11 2
12 1
13 5
14 5
15 2
16 2
17 5
18 3
19 5
20 3
21 6
22 1
23 4
24 6
25 8
26 5
27 8
28 4
29 4
30 4
31 2
32 1
33 3
34 7
35 3
36 2
37 5
38 8
39 3
40 7
41 1
42 2
43 4
44 4
45 5
46 3
47 3
48 5
49 6
50 7
51 4
52 3
53 4
54 8
55 3
56 2
57 8
58 6
59 2
60 2
61 8
62 2
63 1
64 2
65 4
66 2
67 3
68 7
69 5
70 6
71 7
72 5
73 3
74 4
75 5
76 4
77 5
78 4
79 5
80 3
81 5
82 5
83 3
84 3
85 4
86 5
87 2
88 6
89 5
90 8
91 4
92 3
93 7
94 6
95 1
96 5
97 3
98 6
99 1
100 4
101 3
102 1
103 5
104 4
105 5
106 3
107 5
108 4
109 6
110 5
111 1
112 6
113 7
114 4
115 3
116 4
117 7
118 7
119 6
120 4
121 4
122 8
123 7
124 7
125 4
126 5
127 0
128 5
129 5
130 7
131 8
132 5
133 0
134 2
135 7
136 5
137 5
138 4
139 1
140 5
141 5
142 7
143 5
144 1
145 4
146 5
147 6
148 6
149 7
150 5
151 8
152 7
153 7
154 8
155 5
156 2
157 5
158 0
159 4
160 6
161 4
162 5
163 3
164 5
165 5
166 8
167 5
168 7
169 4
170 5
171 5
172 5
173 6
174 3
175 5
176 5
177 6
178 5
179 4
180 6
181 7
182 4
183 5
184 2
185 6
186 5
187 5
188 8
189 5
190 2
191 2
192 4
193 3
194 5
195 4
196 4
197 5
198 4
199 4
200 5
201 3
202 3
203 4
204 8
205 6
206 7
207 5
208 2
209 8
210 4
211 2
212 6
213 7
214 5
215 3
216 5
217 4
218 5
219 4
220 6
221 5
222 5
223 4
224 3
225 7
226 6
227 8
228 5
229 6
230 7
231 4
232 5
233 4
234 7
235 5
236 3
237 8
238 2
239 8
240 5
241 7
242 4
243 8
244 7
245 7
246 2
247 5
248 4
249 5
250 2
251 4
252 4
253 6
254 8
255 5
256 4
257 4
258 5
259 4
260 1
261 8
262 5
263 6
264 1
265 5
266 2
267 6
268 0
269 0
270 5
271 7
272 5
273 7
274 7
275 4
276 5
277 5
278 4
279 8
280 0
281 2
282 5
283 1
284 4
285 8
286 7
287 7
288 2
289 5
290 5
291 5
292 1
293 5
294 1
295 2
296 4
297 7
298 5
299 5
300 5
301 4
302 2
303 4
304 2
305 7
306 2
307 6
308 4
309 6
310 2
311 8
312 5
313 3
314 2
315 4
316 2
317 1
318 2
319 5
320 2
321 1
322 4
323 2
324 5
325 5
326 6
327 2
328 4
329 5
330 2
331 4
332 2
333 3
334 2
335 2
336 7
337 6
338 3
339 2
340 2
341 4
342 4
343 7
344 5
345 2
346 2
347 2
348 3
349 5
350 4
351 4
352 1
353 2
354 4
355 4
356 2
357 1
358 4
359 3
360 7
361 0
362 6
363 1
364 3
365 2
366 6
367 2
368 2
369 3
370 2
371 2
372 6
373 5
374 4
375 2
376 2
377 4
378 2
379 2
380 1
381 5
382 1
383 3
384 3
385 5
386 2
387 1
388 2
389 0
390 6
391 2
392 3
393 2
394 1
395 1
396 0
397 3
398 3
399 2
400 1
401 2
402 7
403 7
404 4
405 0
406 3
407 0
