2 1 8 5 0 4 10 12 3 14 7 6 11 9 16 15 13 
2 1 8 5 0 4 10 12 3 14 7 6 11 13 16 15 9 
2 1 8 5 0 4 10 13 3 14 7 6 11 9 16 15 12 
2 1 8 5 0 4 10 13 3 14 7 6 11 12 16 15 9 
2 1 8 5 0 15 10 12 3 14 7 6 11 9 16 4 13 
2 1 8 5 0 15 10 12 3 14 7 6 11 13 16 4 9 
2 1 8 5 0 15 10 13 3 14 7 6 11 9 16 4 12 
2 1 8 5 0 15 10 13 3 14 7 6 11 12 16 4 9 
2 1 8 5 3 4 10 12 0 14 7 6 11 9 16 15 13 
2 1 8 5 3 4 10 12 0 14 7 6 11 13 16 15 9 
2 1 8 5 3 4 10 13 0 14 7 6 11 9 16 15 12 
2 1 8 5 3 4 10 13 0 14 7 6 11 12 16 15 9 
2 1 8 5 3 15 10 12 0 14 7 6 11 9 16 4 13 
2 1 8 5 3 15 10 12 0 14 7 6 11 13 16 4 9 
2 1 8 5 3 15 10 13 0 14 7 6 11 9 16 4 12 
2 1 8 5 3 15 10 13 0 14 7 6 11 12 16 4 9 
2 1 11 5 0 4 10 12 3 14 7 6 8 9 16 15 13 
2 1 11 5 0 4 10 12 3 14 7 6 8 13 16 15 9 
2 1 11 5 0 4 10 13 3 14 7 6 8 9 16 15 12 
2 1 11 5 0 4 10 13 3 14 7 6 8 12 16 15 9 
2 1 11 5 0 15 10 12 3 14 7 6 8 9 16 4 13 
2 1 11 5 0 15 10 12 3 14 7 6 8 13 16 4 9 
2 1 11 5 0 15 10 13 3 14 7 6 8 9 16 4 12 
2 1 11 5 0 15 10 13 3 14 7 6 8 12 16 4 9 
2 1 11 5 3 4 10 12 0 14 7 6 8 9 16 15 13 
2 1 11 5 3 4 10 12 0 14 7 6 8 13 16 15 9 
2 1 11 5 3 4 10 13 0 14 7 6 8 9 16 15 12 
2 1 11 5 3 4 10 13 0 14 7 6 8 12 16 15 9 
2 1 11 5 3 15 10 12 0 14 7 6 8 9 16 4 13 
2 1 11 5 3 15 10 12 0 14 7 6 8 13 16 4 9 
2 1 11 5 3 15 10 13 0 14 7 6 8 9 16 4 12 
2 1 11 5 3 15 10 13 0 14 7 6 8 12 16 4 9 
2 1 14 5 0 4 10 12 3 8 7 6 11 9 16 15 13 
2 1 14 5 0 4 10 12 3 8 7 6 11 13 16 15 9 
2 1 14 5 0 4 10 12 3 11 7 6 8 9 16 15 13 
2 1 14 5 0 4 10 12 3 11 7 6 8 13 16 15 9 
2 1 14 5 0 4 10 12 3 15 7 6 11 9 16 8 13 
2 1 14 5 0 4 10 12 3 15 7 6 11 13 16 8 9 
2 1 14 5 0 4 10 12 8 15 3 6 11 9 16 7 13 
2 1 14 5 0 4 10 12 8 15 3 6 11 13 16 7 9 
2 1 14 5 0 4 10 13 3 8 7 6 11 9 16 15 12 
2 1 14 5 0 4 10 13 3 8 7 6 11 12 16 15 9 
2 1 14 5 0 4 10 13 3 11 7 6 8 9 16 15 12 
2 1 14 5 0 4 10 13 3 11 7 6 8 12 16 15 9 
2 1 14 5 0 4 10 13 3 15 7 6 11 9 16 8 12 
2 1 14 5 0 4 10 13 3 15 7 6 11 12 16 8 9 
2 1 14 5 0 4 10 13 8 15 3 6 11 9 16 7 12 
2 1 14 5 0 4 10 13 8 15 3 6 11 12 16 7 9 
2 1 14 5 0 15 10 12 3 8 7 6 11 9 16 4 13 
2 1 14 5 0 15 10 12 3 8 7 6 11 13 16 4 9 
2 1 14 5 0 15 10 12 3 11 7 6 8 9 16 4 13 
2 1 14 5 0 15 10 12 3 11 7 6 8 13 16 4 9 
2 1 14 5 0 15 10 13 3 8 7 6 11 9 16 4 12 
2 1 14 5 0 15 10 13 3 8 7 6 11 12 16 4 9 
2 1 14 5 0 15 10 13 3 11 7 6 8 9 16 4 12 
2 1 14 5 0 15 10 13 3 11 7 6 8 12 16 4 9 
2 1 14 5 0 16 10 12 3 15 7 6 8 9 11 4 13 
2 1 14 5 0 16 10 12 3 15 7 6 8 13 11 4 9 
2 1 14 5 0 16 10 12 3 15 7 6 11 9 8 4 13 
2 1 14 5 0 16 10 12 3 15 7 6 11 13 8 4 9 
2 1 14 5 0 16 10 12 8 15 3 6 11 9 7 4 13 
2 1 14 5 0 16 10 12 8 15 3 6 11 13 7 4 9 
2 1 14 5 0 16 10 13 3 15 7 6 8 9 11 4 12 
2 1 14 5 0 16 10 13 3 15 7 6 8 12 11 4 9 
2 1 14 5 0 16 10 13 3 15 7 6 11 9 8 4 12 
2 1 14 5 0 16 10 13 3 15 7 6 11 12 8 4 9 
2 1 14 5 0 16 10 13 8 15 3 6 11 9 7 4 12 
2 1 14 5 0 16 10 13 8 15 3 6 11 12 7 4 9 
2 1 14 5 3 4 10 12 0 8 7 6 11 9 16 15 13 
2 1 14 5 3 4 10 12 0 8 7 6 11 13 16 15 9 
2 1 14 5 3 4 10 12 0 11 7 6 8 9 16 15 13 
2 1 14 5 3 4 10 12 0 11 7 6 8 13 16 15 9 
2 1 14 5 3 4 10 12 0 15 7 6 11 9 16 8 13 
2 1 14 5 3 4 10 12 0 15 7 6 11 13 16 8 9 
2 1 14 5 3 4 10 12 8 15 0 6 11 9 16 7 13 
2 1 14 5 3 4 10 12 8 15 0 6 11 13 16 7 9 
2 1 14 5 3 4 10 13 0 8 7 6 11 9 16 15 12 
2 1 14 5 3 4 10 13 0 8 7 6 11 12 16 15 9 
2 1 14 5 3 4 10 13 0 11 7 6 8 9 16 15 12 
2 1 14 5 3 4 10 13 0 11 7 6 8 12 16 15 9 
2 1 14 5 3 4 10 13 0 15 7 6 11 9 16 8 12 
2 1 14 5 3 4 10 13 0 15 7 6 11 12 16 8 9 
2 1 14 5 3 4 10 13 8 15 0 6 11 9 16 7 12 
2 1 14 5 3 4 10 13 8 15 0 6 11 12 16 7 9 
2 1 14 5 3 15 10 12 0 8 7 6 11 9 16 4 13 
2 1 14 5 3 15 10 12 0 8 7 6 11 13 16 4 9 
2 1 14 5 3 15 10 12 0 11 7 6 8 9 16 4 13 
2 1 14 5 3 15 10 12 0 11 7 6 8 13 16 4 9 
2 1 14 5 3 15 10 13 0 8 7 6 11 9 16 4 12 
2 1 14 5 3 15 10 13 0 8 7 6 11 12 16 4 9 
2 1 14 5 3 15 10 13 0 11 7 6 8 9 16 4 12 
2 1 14 5 3 15 10 13 0 11 7 6 8 12 16 4 9 
2 1 14 5 3 16 10 12 0 15 7 6 8 9 11 4 13 
2 1 14 5 3 16 10 12 0 15 7 6 8 13 11 4 9 
2 1 14 5 3 16 10 12 0 15 7 6 11 9 8 4 13 
2 1 14 5 3 16 10 12 0 15 7 6 11 13 8 4 9 
2 1 14 5 3 16 10 12 8 15 0 6 11 9 7 4 13 
2 1 14 5 3 16 10 12 8 15 0 6 11 13 7 4 9 
2 1 14 5 3 16 10 13 0 15 7 6 8 9 11 4 12 
2 1 14 5 3 16 10 13 0 15 7 6 8 12 11 4 9 
2 1 14 5 3 16 10 13 0 15 7 6 11 9 8 4 12 
2 1 14 5 3 16 10 13 0 15 7 6 11 12 8 4 9 
2 1 14 5 3 16 10 13 8 15 0 6 11 9 7 4 12 
2 1 14 5 3 16 10 13 8 15 0 6 11 12 7 4 9 
2 1 14 5 8 4 10 12 0 15 3 6 11 9 16 7 13 
2 1 14 5 8 4 10 12 0 15 3 6 11 13 16 7 9 
2 1 14 5 8 4 10 12 3 15 0 6 11 9 16 7 13 
2 1 14 5 8 4 10 12 3 15 0 6 11 13 16 7 9 
2 1 14 5 8 4 10 13 0 15 3 6 11 9 16 7 12 
2 1 14 5 8 4 10 13 0 15 3 6 11 12 16 7 9 
2 1 14 5 8 4 10 13 3 15 0 6 11 9 16 7 12 
2 1 14 5 8 4 10 13 3 15 0 6 11 12 16 7 9 
2 1 14 5 8 16 10 12 0 15 3 6 11 9 7 4 13 
2 1 14 5 8 16 10 12 0 15 3 6 11 13 7 4 9 
2 1 14 5 8 16 10 12 3 15 0 6 11 9 7 4 13 
2 1 14 5 8 16 10 12 3 15 0 6 11 13 7 4 9 
2 1 14 5 8 16 10 13 0 15 3 6 11 9 7 4 12 
2 1 14 5 8 16 10 13 0 15 3 6 11 12 7 4 9 
2 1 14 5 8 16 10 13 3 15 0 6 11 9 7 4 12 
2 1 14 5 8 16 10 13 3 15 0 6 11 12 7 4 9 
2 1 15 5 0 4 10 12 3 14 7 6 11 9 16 8 13 
2 1 15 5 0 4 10 12 3 14 7 6 11 13 16 8 9 
2 1 15 5 0 4 10 12 8 14 3 6 11 9 16 7 13 
2 1 15 5 0 4 10 12 8 14 3 6 11 13 16 7 9 
2 1 15 5 0 4 10 13 3 14 7 6 11 9 16 8 12 
2 1 15 5 0 4 10 13 3 14 7 6 11 12 16 8 9 
2 1 15 5 0 4 10 13 8 14 3 6 11 9 16 7 12 
2 1 15 5 0 4 10 13 8 14 3 6 11 12 16 7 9 
2 1 15 5 0 16 10 12 3 14 7 6 8 9 11 4 13 
2 1 15 5 0 16 10 12 3 14 7 6 8 13 11 4 9 
2 1 15 5 0 16 10 12 3 14 7 6 11 9 8 4 13 
2 1 15 5 0 16 10 12 3 14 7 6 11 13 8 4 9 
2 1 15 5 0 16 10 12 8 14 3 6 11 9 7 4 13 
2 1 15 5 0 16 10 12 8 14 3 6 11 13 7 4 9 
2 1 15 5 0 16 10 13 3 14 7 6 8 9 11 4 12 
2 1 15 5 0 16 10 13 3 14 7 6 8 12 11 4 9 
2 1 15 5 0 16 10 13 3 14 7 6 11 9 8 4 12 
2 1 15 5 0 16 10 13 3 14 7 6 11 12 8 4 9 
2 1 15 5 0 16 10 13 8 14 3 6 11 9 7 4 12 
2 1 15 5 0 16 10 13 8 14 3 6 11 12 7 4 9 
2 1 15 5 3 4 10 12 0 14 7 6 11 9 16 8 13 
2 1 15 5 3 4 10 12 0 14 7 6 11 13 16 8 9 
2 1 15 5 3 4 10 12 8 14 0 6 11 9 16 7 13 
2 1 15 5 3 4 10 12 8 14 0 6 11 13 16 7 9 
2 1 15 5 3 4 10 13 0 14 7 6 11 9 16 8 12 
2 1 15 5 3 4 10 13 0 14 7 6 11 12 16 8 9 
2 1 15 5 3 4 10 13 8 14 0 6 11 9 16 7 12 
2 1 15 5 3 4 10 13 8 14 0 6 11 12 16 7 9 
2 1 15 5 3 16 10 12 0 14 7 6 8 9 11 4 13 
2 1 15 5 3 16 10 12 0 14 7 6 8 13 11 4 9 
2 1 15 5 3 16 10 12 0 14 7 6 11 9 8 4 13 
2 1 15 5 3 16 10 12 0 14 7 6 11 13 8 4 9 
2 1 15 5 3 16 10 12 8 14 0 6 11 9 7 4 13 
2 1 15 5 3 16 10 12 8 14 0 6 11 13 7 4 9 
2 1 15 5 3 16 10 13 0 14 7 6 8 9 11 4 12 
2 1 15 5 3 16 10 13 0 14 7 6 8 12 11 4 9 
2 1 15 5 3 16 10 13 0 14 7 6 11 9 8 4 12 
2 1 15 5 3 16 10 13 0 14 7 6 11 12 8 4 9 
2 1 15 5 3 16 10 13 8 14 0 6 11 9 7 4 12 
2 1 15 5 3 16 10 13 8 14 0 6 11 12 7 4 9 
2 1 15 5 8 4 10 12 0 14 3 6 11 9 16 7 13 
2 1 15 5 8 4 10 12 0 14 3 6 11 13 16 7 9 
2 1 15 5 8 4 10 12 3 14 0 6 11 9 16 7 13 
2 1 15 5 8 4 10 12 3 14 0 6 11 13 16 7 9 
2 1 15 5 8 4 10 13 0 14 3 6 11 9 16 7 12 
2 1 15 5 8 4 10 13 0 14 3 6 11 12 16 7 9 
2 1 15 5 8 4 10 13 3 14 0 6 11 9 16 7 12 
2 1 15 5 8 4 10 13 3 14 0 6 11 12 16 7 9 
2 1 15 5 8 16 10 12 0 14 3 6 11 9 7 4 13 
2 1 15 5 8 16 10 12 0 14 3 6 11 13 7 4 9 
2 1 15 5 8 16 10 12 3 14 0 6 11 9 7 4 13 
2 1 15 5 8 16 10 12 3 14 0 6 11 13 7 4 9 
2 1 15 5 8 16 10 13 0 14 3 6 11 9 7 4 12 
2 1 15 5 8 16 10 13 0 14 3 6 11 12 7 4 9 
2 1 15 5 8 16 10 13 3 14 0 6 11 9 7 4 12 
2 1 15 5 8 16 10 13 3 14 0 6 11 12 7 4 9 
2 6 8 5 0 4 10 12 3 14 7 1 11 9 16 15 13 
2 6 8 5 0 4 10 12 3 14 7 1 11 13 16 15 9 
2 6 8 5 0 4 10 13 3 14 7 1 11 9 16 15 12 
2 6 8 5 0 4 10 13 3 14 7 1 11 12 16 15 9 
2 6 8 5 0 15 10 12 3 14 7 1 11 9 16 4 13 
2 6 8 5 0 15 10 12 3 14 7 1 11 13 16 4 9 
2 6 8 5 0 15 10 13 3 14 7 1 11 9 16 4 12 
2 6 8 5 0 15 10 13 3 14 7 1 11 12 16 4 9 
2 6 8 5 3 4 10 12 0 14 7 1 11 9 16 15 13 
2 6 8 5 3 4 10 12 0 14 7 1 11 13 16 15 9 
2 6 8 5 3 4 10 13 0 14 7 1 11 9 16 15 12 
2 6 8 5 3 4 10 13 0 14 7 1 11 12 16 15 9 
2 6 8 5 3 15 10 12 0 14 7 1 11 9 16 4 13 
2 6 8 5 3 15 10 12 0 14 7 1 11 13 16 4 9 
2 6 8 5 3 15 10 13 0 14 7 1 11 9 16 4 12 
2 6 8 5 3 15 10 13 0 14 7 1 11 12 16 4 9 
2 6 11 5 0 4 10 12 3 14 7 1 8 9 16 15 13 
2 6 11 5 0 4 10 12 3 14 7 1 8 13 16 15 9 
2 6 11 5 0 4 10 13 3 14 7 1 8 9 16 15 12 
2 6 11 5 0 4 10 13 3 14 7 1 8 12 16 15 9 
2 6 11 5 0 15 10 12 3 14 7 1 8 9 16 4 13 
2 6 11 5 0 15 10 12 3 14 7 1 8 13 16 4 9 
2 6 11 5 0 15 10 13 3 14 7 1 8 9 16 4 12 
2 6 11 5 0 15 10 13 3 14 7 1 8 12 16 4 9 
2 6 11 5 3 4 10 12 0 14 7 1 8 9 16 15 13 
2 6 11 5 3 4 10 12 0 14 7 1 8 13 16 15 9 
2 6 11 5 3 4 10 13 0 14 7 1 8 9 16 15 12 
2 6 11 5 3 4 10 13 0 14 7 1 8 12 16 15 9 
2 6 11 5 3 15 10 12 0 14 7 1 8 9 16 4 13 
2 6 11 5 3 15 10 12 0 14 7 1 8 13 16 4 9 
2 6 11 5 3 15 10 13 0 14 7 1 8 9 16 4 12 
2 6 11 5 3 15 10 13 0 14 7 1 8 12 16 4 9 
2 6 14 5 0 4 10 12 3 8 7 1 11 9 16 15 13 
2 6 14 5 0 4 10 12 3 8 7 1 11 13 16 15 9 
2 6 14 5 0 4 10 12 3 11 7 1 8 9 16 15 13 
2 6 14 5 0 4 10 12 3 11 7 1 8 13 16 15 9 
2 6 14 5 0 4 10 12 3 15 7 1 11 9 16 8 13 
2 6 14 5 0 4 10 12 3 15 7 1 11 13 16 8 9 
2 6 14 5 0 4 10 12 8 15 3 1 11 9 16 7 13 
2 6 14 5 0 4 10 12 8 15 3 1 11 13 16 7 9 
2 6 14 5 0 4 10 13 3 8 7 1 11 9 16 15 12 
2 6 14 5 0 4 10 13 3 8 7 1 11 12 16 15 9 
2 6 14 5 0 4 10 13 3 11 7 1 8 9 16 15 12 
2 6 14 5 0 4 10 13 3 11 7 1 8 12 16 15 9 
2 6 14 5 0 4 10 13 3 15 7 1 11 9 16 8 12 
2 6 14 5 0 4 10 13 3 15 7 1 11 12 16 8 9 
2 6 14 5 0 4 10 13 8 15 3 1 11 9 16 7 12 
2 6 14 5 0 4 10 13 8 15 3 1 11 12 16 7 9 
2 6 14 5 0 15 10 12 3 8 7 1 11 9 16 4 13 
2 6 14 5 0 15 10 12 3 8 7 1 11 13 16 4 9 
2 6 14 5 0 15 10 12 3 11 7 1 8 9 16 4 13 
2 6 14 5 0 15 10 12 3 11 7 1 8 13 16 4 9 
2 6 14 5 0 15 10 13 3 8 7 1 11 9 16 4 12 
2 6 14 5 0 15 10 13 3 8 7 1 11 12 16 4 9 
2 6 14 5 0 15 10 13 3 11 7 1 8 9 16 4 12 
2 6 14 5 0 15 10 13 3 11 7 1 8 12 16 4 9 
2 6 14 5 0 16 10 12 3 15 7 1 8 9 11 4 13 
2 6 14 5 0 16 10 12 3 15 7 1 8 13 11 4 9 
2 6 14 5 0 16 10 12 3 15 7 1 11 9 8 4 13 
2 6 14 5 0 16 10 12 3 15 7 1 11 13 8 4 9 
2 6 14 5 0 16 10 12 8 15 3 1 11 9 7 4 13 
2 6 14 5 0 16 10 12 8 15 3 1 11 13 7 4 9 
2 6 14 5 0 16 10 13 3 15 7 1 8 9 11 4 12 
2 6 14 5 0 16 10 13 3 15 7 1 8 12 11 4 9 
2 6 14 5 0 16 10 13 3 15 7 1 11 9 8 4 12 
2 6 14 5 0 16 10 13 3 15 7 1 11 12 8 4 9 
2 6 14 5 0 16 10 13 8 15 3 1 11 9 7 4 12 
2 6 14 5 0 16 10 13 8 15 3 1 11 12 7 4 9 
2 6 14 5 3 4 10 12 0 8 7 1 11 9 16 15 13 
2 6 14 5 3 4 10 12 0 8 7 1 11 13 16 15 9 
2 6 14 5 3 4 10 12 0 11 7 1 8 9 16 15 13 
2 6 14 5 3 4 10 12 0 11 7 1 8 13 16 15 9 
2 6 14 5 3 4 10 12 0 15 7 1 11 9 16 8 13 
2 6 14 5 3 4 10 12 0 15 7 1 11 13 16 8 9 
2 6 14 5 3 4 10 12 8 15 0 1 11 9 16 7 13 
2 6 14 5 3 4 10 12 8 15 0 1 11 13 16 7 9 
2 6 14 5 3 4 10 13 0 8 7 1 11 9 16 15 12 
2 6 14 5 3 4 10 13 0 8 7 1 11 12 16 15 9 
2 6 14 5 3 4 10 13 0 11 7 1 8 9 16 15 12 
2 6 14 5 3 4 10 13 0 11 7 1 8 12 16 15 9 
2 6 14 5 3 4 10 13 0 15 7 1 11 9 16 8 12 
2 6 14 5 3 4 10 13 0 15 7 1 11 12 16 8 9 
2 6 14 5 3 4 10 13 8 15 0 1 11 9 16 7 12 
2 6 14 5 3 4 10 13 8 15 0 1 11 12 16 7 9 
2 6 14 5 3 15 10 12 0 8 7 1 11 9 16 4 13 
2 6 14 5 3 15 10 12 0 8 7 1 11 13 16 4 9 
2 6 14 5 3 15 10 12 0 11 7 1 8 9 16 4 13 
2 6 14 5 3 15 10 12 0 11 7 1 8 13 16 4 9 
2 6 14 5 3 15 10 13 0 8 7 1 11 9 16 4 12 
2 6 14 5 3 15 10 13 0 8 7 1 11 12 16 4 9 
2 6 14 5 3 15 10 13 0 11 7 1 8 9 16 4 12 
2 6 14 5 3 15 10 13 0 11 7 1 8 12 16 4 9 
2 6 14 5 3 16 10 12 0 15 7 1 8 9 11 4 13 
2 6 14 5 3 16 10 12 0 15 7 1 8 13 11 4 9 
2 6 14 5 3 16 10 12 0 15 7 1 11 9 8 4 13 
2 6 14 5 3 16 10 12 0 15 7 1 11 13 8 4 9 
2 6 14 5 3 16 10 12 8 15 0 1 11 9 7 4 13 
2 6 14 5 3 16 10 12 8 15 0 1 11 13 7 4 9 
2 6 14 5 3 16 10 13 0 15 7 1 8 9 11 4 12 
2 6 14 5 3 16 10 13 0 15 7 1 8 12 11 4 9 
2 6 14 5 3 16 10 13 0 15 7 1 11 9 8 4 12 
2 6 14 5 3 16 10 13 0 15 7 1 11 12 8 4 9 
2 6 14 5 3 16 10 13 8 15 0 1 11 9 7 4 12 
2 6 14 5 3 16 10 13 8 15 0 1 11 12 7 4 9 
2 6 14 5 8 4 10 12 0 15 3 1 11 9 16 7 13 
2 6 14 5 8 4 10 12 0 15 3 1 11 13 16 7 9 
2 6 14 5 8 4 10 12 3 15 0 1 11 9 16 7 13 
2 6 14 5 8 4 10 12 3 15 0 1 11 13 16 7 9 
2 6 14 5 8 4 10 13 0 15 3 1 11 9 16 7 12 
2 6 14 5 8 4 10 13 0 15 3 1 11 12 16 7 9 
2 6 14 5 8 4 10 13 3 15 0 1 11 9 16 7 12 
2 6 14 5 8 4 10 13 3 15 0 1 11 12 16 7 9 
2 6 14 5 8 16 10 12 0 15 3 1 11 9 7 4 13 
2 6 14 5 8 16 10 12 0 15 3 1 11 13 7 4 9 
2 6 14 5 8 16 10 12 3 15 0 1 11 9 7 4 13 
2 6 14 5 8 16 10 12 3 15 0 1 11 13 7 4 9 
2 6 14 5 8 16 10 13 0 15 3 1 11 9 7 4 12 
2 6 14 5 8 16 10 13 0 15 3 1 11 12 7 4 9 
2 6 14 5 8 16 10 13 3 15 0 1 11 9 7 4 12 
2 6 14 5 8 16 10 13 3 15 0 1 11 12 7 4 9 
2 6 15 5 0 4 10 12 3 14 7 1 11 9 16 8 13 
2 6 15 5 0 4 10 12 3 14 7 1 11 13 16 8 9 
2 6 15 5 0 4 10 12 8 14 3 1 11 9 16 7 13 
2 6 15 5 0 4 10 12 8 14 3 1 11 13 16 7 9 
2 6 15 5 0 4 10 13 3 14 7 1 11 9 16 8 12 
2 6 15 5 0 4 10 13 3 14 7 1 11 12 16 8 9 
2 6 15 5 0 4 10 13 8 14 3 1 11 9 16 7 12 
2 6 15 5 0 4 10 13 8 14 3 1 11 12 16 7 9 
2 6 15 5 0 16 10 12 3 14 7 1 8 9 11 4 13 
2 6 15 5 0 16 10 12 3 14 7 1 8 13 11 4 9 
2 6 15 5 0 16 10 12 3 14 7 1 11 9 8 4 13 
2 6 15 5 0 16 10 12 3 14 7 1 11 13 8 4 9 
2 6 15 5 0 16 10 12 8 14 3 1 11 9 7 4 13 
2 6 15 5 0 16 10 12 8 14 3 1 11 13 7 4 9 
2 6 15 5 0 16 10 13 3 14 7 1 8 9 11 4 12 
2 6 15 5 0 16 10 13 3 14 7 1 8 12 11 4 9 
2 6 15 5 0 16 10 13 3 14 7 1 11 9 8 4 12 
2 6 15 5 0 16 10 13 3 14 7 1 11 12 8 4 9 
2 6 15 5 0 16 10 13 8 14 3 1 11 9 7 4 12 
2 6 15 5 0 16 10 13 8 14 3 1 11 12 7 4 9 
2 6 15 5 3 4 10 12 0 14 7 1 11 9 16 8 13 
2 6 15 5 3 4 10 12 0 14 7 1 11 13 16 8 9 
2 6 15 5 3 4 10 12 8 14 0 1 11 9 16 7 13 
2 6 15 5 3 4 10 12 8 14 0 1 11 13 16 7 9 
2 6 15 5 3 4 10 13 0 14 7 1 11 9 16 8 12 
2 6 15 5 3 4 10 13 0 14 7 1 11 12 16 8 9 
2 6 15 5 3 4 10 13 8 14 0 1 11 9 16 7 12 
2 6 15 5 3 4 10 13 8 14 0 1 11 12 16 7 9 
2 6 15 5 3 16 10 12 0 14 7 1 8 9 11 4 13 
2 6 15 5 3 16 10 12 0 14 7 1 8 13 11 4 9 
2 6 15 5 3 16 10 12 0 14 7 1 11 9 8 4 13 
2 6 15 5 3 16 10 12 0 14 7 1 11 13 8 4 9 
2 6 15 5 3 16 10 12 8 14 0 1 11 9 7 4 13 
2 6 15 5 3 16 10 12 8 14 0 1 11 13 7 4 9 
2 6 15 5 3 16 10 13 0 14 7 1 8 9 11 4 12 
2 6 15 5 3 16 10 13 0 14 7 1 8 12 11 4 9 
2 6 15 5 3 16 10 13 0 14 7 1 11 9 8 4 12 
2 6 15 5 3 16 10 13 0 14 7 1 11 12 8 4 9 
2 6 15 5 3 16 10 13 8 14 0 1 11 9 7 4 12 
2 6 15 5 3 16 10 13 8 14 0 1 11 12 7 4 9 
2 6 15 5 8 4 10 12 0 14 3 1 11 9 16 7 13 
2 6 15 5 8 4 10 12 0 14 3 1 11 13 16 7 9 
2 6 15 5 8 4 10 12 3 14 0 1 11 9 16 7 13 
2 6 15 5 8 4 10 12 3 14 0 1 11 13 16 7 9 
2 6 15 5 8 4 10 13 0 14 3 1 11 9 16 7 12 
2 6 15 5 8 4 10 13 0 14 3 1 11 12 16 7 9 
2 6 15 5 8 4 10 13 3 14 0 1 11 9 16 7 12 
2 6 15 5 8 4 10 13 3 14 0 1 11 12 16 7 9 
2 6 15 5 8 16 10 12 0 14 3 1 11 9 7 4 13 
2 6 15 5 8 16 10 12 0 14 3 1 11 13 7 4 9 
2 6 15 5 8 16 10 12 3 14 0 1 11 9 7 4 13 
2 6 15 5 8 16 10 12 3 14 0 1 11 13 7 4 9 
2 6 15 5 8 16 10 13 0 14 3 1 11 9 7 4 12 
2 6 15 5 8 16 10 13 0 14 3 1 11 12 7 4 9 
2 6 15 5 8 16 10 13 3 14 0 1 11 9 7 4 12 
2 6 15 5 8 16 10 13 3 14 0 1 11 12 7 4 9 
8 1 14 5 0 4 9 12 3 15 7 6 11 2 16 10 13 
8 1 14 5 0 4 9 12 3 15 7 6 11 13 16 10 2 
8 1 14 5 0 4 9 12 3 15 10 6 11 2 16 7 13 
8 1 14 5 0 4 9 12 3 15 10 6 11 13 16 7 2 
8 1 14 5 0 4 9 13 3 15 7 6 11 2 16 10 12 
8 1 14 5 0 4 9 13 3 15 7 6 11 12 16 10 2 
8 1 14 5 0 4 9 13 3 15 10 6 11 2 16 7 12 
8 1 14 5 0 4 9 13 3 15 10 6 11 12 16 7 2 
8 1 14 5 0 4 10 12 6 15 3 9 11 2 16 7 13 
8 1 14 5 0 4 10 12 6 15 3 9 11 13 16 7 2 
8 1 14 5 0 4 10 13 6 15 3 9 11 2 16 7 12 
8 1 14 5 0 4 10 13 6 15 3 9 11 12 16 7 2 
8 1 14 5 0 4 10 13 12 15 3 6 11 2 16 7 9 
8 1 14 5 0 4 10 13 12 15 3 6 11 9 16 7 2 
8 1 14 5 0 12 10 13 3 15 7 6 11 2 16 4 9 
8 1 14 5 0 12 10 13 3 15 7 6 11 9 16 4 2 
8 1 14 5 0 16 9 12 3 15 7 6 11 2 10 4 13 
8 1 14 5 0 16 9 12 3 15 7 6 11 13 10 4 2 
8 1 14 5 0 16 9 12 3 15 10 6 11 2 7 4 13 
8 1 14 5 0 16 9 12 3 15 10 6 11 13 7 4 2 
8 1 14 5 0 16 9 13 3 15 7 6 11 2 10 4 12 
8 1 14 5 0 16 9 13 3 15 7 6 11 12 10 4 2 
8 1 14 5 0 16 9 13 3 15 10 6 11 2 7 4 12 
8 1 14 5 0 16 9 13 3 15 10 6 11 12 7 4 2 
8 1 14 5 0 16 10 12 3 15 7 6 11 2 9 4 13 
8 1 14 5 0 16 10 12 3 15 7 6 11 13 9 4 2 
8 1 14 5 0 16 10 12 3 15 7 9 11 2 6 4 13 
8 1 14 5 0 16 10 12 3 15 7 9 11 13 6 4 2 
8 1 14 5 0 16 10 12 6 15 3 9 11 2 7 4 13 
8 1 14 5 0 16 10 12 6 15 3 9 11 13 7 4 2 
8 1 14 5 0 16 10 13 3 15 7 6 11 2 9 4 12 
8 1 14 5 0 16 10 13 3 15 7 6 11 12 9 4 2 
8 1 14 5 0 16 10 13 3 15 7 9 11 2 6 4 12 
8 1 14 5 0 16 10 13 3 15 7 9 11 12 6 4 2 
8 1 14 5 0 16 10 13 6 15 3 9 11 2 7 4 12 
8 1 14 5 0 16 10 13 6 15 3 9 11 12 7 4 2 
8 1 14 5 0 16 10 13 12 15 3 6 11 2 7 4 9 
8 1 14 5 0 16 10 13 12 15 3 6 11 9 7 4 2 
8 1 14 5 3 4 9 12 0 15 7 6 11 2 16 10 13 
8 1 14 5 3 4 9 12 0 15 7 6 11 13 16 10 2 
8 1 14 5 3 4 9 12 0 15 10 6 11 2 16 7 13 
8 1 14 5 3 4 9 12 0 15 10 6 11 13 16 7 2 
8 1 14 5 3 4 9 13 0 15 7 6 11 2 16 10 12 
8 1 14 5 3 4 9 13 0 15 7 6 11 12 16 10 2 
8 1 14 5 3 4 9 13 0 15 10 6 11 2 16 7 12 
8 1 14 5 3 4 9 13 0 15 10 6 11 12 16 7 2 
8 1 14 5 3 4 10 12 6 15 0 9 11 2 16 7 13 
8 1 14 5 3 4 10 12 6 15 0 9 11 13 16 7 2 
8 1 14 5 3 4 10 13 6 15 0 9 11 2 16 7 12 
8 1 14 5 3 4 10 13 6 15 0 9 11 12 16 7 2 
8 1 14 5 3 4 10 13 12 15 0 6 11 2 16 7 9 
8 1 14 5 3 4 10 13 12 15 0 6 11 9 16 7 2 
8 1 14 5 3 12 10 13 0 15 7 6 11 2 16 4 9 
8 1 14 5 3 12 10 13 0 15 7 6 11 9 16 4 2 
8 1 14 5 3 16 9 12 0 15 7 6 11 2 10 4 13 
8 1 14 5 3 16 9 12 0 15 7 6 11 13 10 4 2 
8 1 14 5 3 16 9 12 0 15 10 6 11 2 7 4 13 
8 1 14 5 3 16 9 12 0 15 10 6 11 13 7 4 2 
8 1 14 5 3 16 9 13 0 15 7 6 11 2 10 4 12 
8 1 14 5 3 16 9 13 0 15 7 6 11 12 10 4 2 
8 1 14 5 3 16 9 13 0 15 10 6 11 2 7 4 12 
8 1 14 5 3 16 9 13 0 15 10 6 11 12 7 4 2 
8 1 14 5 3 16 10 12 0 15 7 6 11 2 9 4 13 
8 1 14 5 3 16 10 12 0 15 7 6 11 13 9 4 2 
8 1 14 5 3 16 10 12 0 15 7 9 11 2 6 4 13 
8 1 14 5 3 16 10 12 0 15 7 9 11 13 6 4 2 
8 1 14 5 3 16 10 12 6 15 0 9 11 2 7 4 13 
8 1 14 5 3 16 10 12 6 15 0 9 11 13 7 4 2 
8 1 14 5 3 16 10 13 0 15 7 6 11 2 9 4 12 
8 1 14 5 3 16 10 13 0 15 7 6 11 12 9 4 2 
8 1 14 5 3 16 10 13 0 15 7 9 11 2 6 4 12 
8 1 14 5 3 16 10 13 0 15 7 9 11 12 6 4 2 
8 1 14 5 3 16 10 13 6 15 0 9 11 2 7 4 12 
8 1 14 5 3 16 10 13 6 15 0 9 11 12 7 4 2 
8 1 14 5 3 16 10 13 12 15 0 6 11 2 7 4 9 
8 1 14 5 3 16 10 13 12 15 0 6 11 9 7 4 2 
8 1 14 5 6 4 10 12 0 15 3 9 11 2 16 7 13 
8 1 14 5 6 4 10 12 0 15 3 9 11 13 16 7 2 
8 1 14 5 6 4 10 12 3 15 0 9 11 2 16 7 13 
8 1 14 5 6 4 10 12 3 15 0 9 11 13 16 7 2 
8 1 14 5 6 4 10 13 0 15 3 9 11 2 16 7 12 
8 1 14 5 6 4 10 13 0 15 3 9 11 12 16 7 2 
8 1 14 5 6 4 10 13 3 15 0 9 11 2 16 7 12 
8 1 14 5 6 4 10 13 3 15 0 9 11 12 16 7 2 
8 1 14 5 6 16 10 12 0 15 3 9 11 2 7 4 13 
8 1 14 5 6 16 10 12 0 15 3 9 11 13 7 4 2 
8 1 14 5 6 16 10 12 3 15 0 9 11 2 7 4 13 
8 1 14 5 6 16 10 12 3 15 0 9 11 13 7 4 2 
8 1 14 5 6 16 10 13 0 15 3 9 11 2 7 4 12 
8 1 14 5 6 16 10 13 0 15 3 9 11 12 7 4 2 
8 1 14 5 6 16 10 13 3 15 0 9 11 2 7 4 12 
8 1 14 5 6 16 10 13 3 15 0 9 11 12 7 4 2 
8 1 14 5 12 4 10 13 0 15 3 6 11 2 16 7 9 
8 1 14 5 12 4 10 13 0 15 3 6 11 9 16 7 2 
8 1 14 5 12 4 10 13 3 15 0 6 11 2 16 7 9 
8 1 14 5 12 4 10 13 3 15 0 6 11 9 16 7 2 
8 1 14 5 12 16 10 13 0 15 3 6 11 2 7 4 9 
8 1 14 5 12 16 10 13 0 15 3 6 11 9 7 4 2 
8 1 14 5 12 16 10 13 3 15 0 6 11 2 7 4 9 
8 1 14 5 12 16 10 13 3 15 0 6 11 9 7 4 2 
8 1 15 5 0 4 9 12 3 14 7 6 11 2 16 10 13 
8 1 15 5 0 4 9 12 3 14 7 6 11 13 16 10 2 
8 1 15 5 0 4 9 12 3 14 10 6 11 2 16 7 13 
8 1 15 5 0 4 9 12 3 14 10 6 11 13 16 7 2 
8 1 15 5 0 4 9 13 3 14 7 6 11 2 16 10 12 
8 1 15 5 0 4 9 13 3 14 7 6 11 12 16 10 2 
8 1 15 5 0 4 9 13 3 14 10 6 11 2 16 7 12 
8 1 15 5 0 4 9 13 3 14 10 6 11 12 16 7 2 
8 1 15 5 0 4 10 12 6 14 3 9 11 2 16 7 13 
8 1 15 5 0 4 10 12 6 14 3 9 11 13 16 7 2 
8 1 15 5 0 4 10 13 6 14 3 9 11 2 16 7 12 
8 1 15 5 0 4 10 13 6 14 3 9 11 12 16 7 2 
8 1 15 5 0 4 10 13 12 14 3 6 11 2 16 7 9 
8 1 15 5 0 4 10 13 12 14 3 6 11 9 16 7 2 
8 1 15 5 0 12 10 13 3 14 7 6 11 2 16 4 9 
8 1 15 5 0 12 10 13 3 14 7 6 11 9 16 4 2 
8 1 15 5 0 16 9 12 3 14 7 6 11 2 10 4 13 
8 1 15 5 0 16 9 12 3 14 7 6 11 13 10 4 2 
8 1 15 5 0 16 9 12 3 14 10 6 11 2 7 4 13 
8 1 15 5 0 16 9 12 3 14 10 6 11 13 7 4 2 
8 1 15 5 0 16 9 13 3 14 7 6 11 2 10 4 12 
8 1 15 5 0 16 9 13 3 14 7 6 11 12 10 4 2 
8 1 15 5 0 16 9 13 3 14 10 6 11 2 7 4 12 
8 1 15 5 0 16 9 13 3 14 10 6 11 12 7 4 2 
8 1 15 5 0 16 10 12 3 14 7 6 11 2 9 4 13 
8 1 15 5 0 16 10 12 3 14 7 6 11 13 9 4 2 
8 1 15 5 0 16 10 12 3 14 7 9 11 2 6 4 13 
8 1 15 5 0 16 10 12 3 14 7 9 11 13 6 4 2 
8 1 15 5 0 16 10 12 6 14 3 9 11 2 7 4 13 
8 1 15 5 0 16 10 12 6 14 3 9 11 13 7 4 2 
8 1 15 5 0 16 10 13 3 14 7 6 11 2 9 4 12 
8 1 15 5 0 16 10 13 3 14 7 6 11 12 9 4 2 
8 1 15 5 0 16 10 13 3 14 7 9 11 2 6 4 12 
8 1 15 5 0 16 10 13 3 14 7 9 11 12 6 4 2 
8 1 15 5 0 16 10 13 6 14 3 9 11 2 7 4 12 
8 1 15 5 0 16 10 13 6 14 3 9 11 12 7 4 2 
8 1 15 5 0 16 10 13 12 14 3 6 11 2 7 4 9 
8 1 15 5 0 16 10 13 12 14 3 6 11 9 7 4 2 
8 1 15 5 3 4 9 12 0 14 7 6 11 2 16 10 13 
8 1 15 5 3 4 9 12 0 14 7 6 11 13 16 10 2 
8 1 15 5 3 4 9 12 0 14 10 6 11 2 16 7 13 
8 1 15 5 3 4 9 12 0 14 10 6 11 13 16 7 2 
8 1 15 5 3 4 9 13 0 14 7 6 11 2 16 10 12 
8 1 15 5 3 4 9 13 0 14 7 6 11 12 16 10 2 
8 1 15 5 3 4 9 13 0 14 10 6 11 2 16 7 12 
8 1 15 5 3 4 9 13 0 14 10 6 11 12 16 7 2 
8 1 15 5 3 4 10 12 6 14 0 9 11 2 16 7 13 
8 1 15 5 3 4 10 12 6 14 0 9 11 13 16 7 2 
8 1 15 5 3 4 10 13 6 14 0 9 11 2 16 7 12 
8 1 15 5 3 4 10 13 6 14 0 9 11 12 16 7 2 
8 1 15 5 3 4 10 13 12 14 0 6 11 2 16 7 9 
8 1 15 5 3 4 10 13 12 14 0 6 11 9 16 7 2 
8 1 15 5 3 12 10 13 0 14 7 6 11 2 16 4 9 
8 1 15 5 3 12 10 13 0 14 7 6 11 9 16 4 2 
8 1 15 5 3 16 9 12 0 14 7 6 11 2 10 4 13 
8 1 15 5 3 16 9 12 0 14 7 6 11 13 10 4 2 
8 1 15 5 3 16 9 12 0 14 10 6 11 2 7 4 13 
8 1 15 5 3 16 9 12 0 14 10 6 11 13 7 4 2 
8 1 15 5 3 16 9 13 0 14 7 6 11 2 10 4 12 
8 1 15 5 3 16 9 13 0 14 7 6 11 12 10 4 2 
8 1 15 5 3 16 9 13 0 14 10 6 11 2 7 4 12 
8 1 15 5 3 16 9 13 0 14 10 6 11 12 7 4 2 
8 1 15 5 3 16 10 12 0 14 7 6 11 2 9 4 13 
8 1 15 5 3 16 10 12 0 14 7 6 11 13 9 4 2 
8 1 15 5 3 16 10 12 0 14 7 9 11 2 6 4 13 
8 1 15 5 3 16 10 12 0 14 7 9 11 13 6 4 2 
8 1 15 5 3 16 10 12 6 14 0 9 11 2 7 4 13 
8 1 15 5 3 16 10 12 6 14 0 9 11 13 7 4 2 
8 1 15 5 3 16 10 13 0 14 7 6 11 2 9 4 12 
8 1 15 5 3 16 10 13 0 14 7 6 11 12 9 4 2 
8 1 15 5 3 16 10 13 0 14 7 9 11 2 6 4 12 
8 1 15 5 3 16 10 13 0 14 7 9 11 12 6 4 2 
8 1 15 5 3 16 10 13 6 14 0 9 11 2 7 4 12 
8 1 15 5 3 16 10 13 6 14 0 9 11 12 7 4 2 
8 1 15 5 3 16 10 13 12 14 0 6 11 2 7 4 9 
8 1 15 5 3 16 10 13 12 14 0 6 11 9 7 4 2 
8 1 15 5 6 4 10 12 0 14 3 9 11 2 16 7 13 
8 1 15 5 6 4 10 12 0 14 3 9 11 13 16 7 2 
8 1 15 5 6 4 10 12 3 14 0 9 11 2 16 7 13 
8 1 15 5 6 4 10 12 3 14 0 9 11 13 16 7 2 
8 1 15 5 6 4 10 13 0 14 3 9 11 2 16 7 12 
8 1 15 5 6 4 10 13 0 14 3 9 11 12 16 7 2 
8 1 15 5 6 4 10 13 3 14 0 9 11 2 16 7 12 
8 1 15 5 6 4 10 13 3 14 0 9 11 12 16 7 2 
8 1 15 5 6 16 10 12 0 14 3 9 11 2 7 4 13 
8 1 15 5 6 16 10 12 0 14 3 9 11 13 7 4 2 
8 1 15 5 6 16 10 12 3 14 0 9 11 2 7 4 13 
8 1 15 5 6 16 10 12 3 14 0 9 11 13 7 4 2 
8 1 15 5 6 16 10 13 0 14 3 9 11 2 7 4 12 
8 1 15 5 6 16 10 13 0 14 3 9 11 12 7 4 2 
8 1 15 5 6 16 10 13 3 14 0 9 11 2 7 4 12 
8 1 15 5 6 16 10 13 3 14 0 9 11 12 7 4 2 
8 1 15 5 12 4 10 13 0 14 3 6 11 2 16 7 9 
8 1 15 5 12 4 10 13 0 14 3 6 11 9 16 7 2 
8 1 15 5 12 4 10 13 3 14 0 6 11 2 16 7 9 
8 1 15 5 12 4 10 13 3 14 0 6 11 9 16 7 2 
8 1 15 5 12 16 10 13 0 14 3 6 11 2 7 4 9 
8 1 15 5 12 16 10 13 0 14 3 6 11 9 7 4 2 
8 1 15 5 12 16 10 13 3 14 0 6 11 2 7 4 9 
8 1 15 5 12 16 10 13 3 14 0 6 11 9 7 4 2 
8 6 1 5 0 4 10 12 3 14 7 9 11 2 16 15 13 
8 6 1 5 0 4 10 12 3 14 7 9 11 13 16 15 2 
8 6 1 5 0 4 10 13 3 14 7 9 11 2 16 15 12 
8 6 1 5 0 4 10 13 3 14 7 9 11 12 16 15 2 
8 6 1 5 0 15 10 12 3 14 7 9 11 2 16 4 13 
8 6 1 5 0 15 10 12 3 14 7 9 11 13 16 4 2 
8 6 1 5 0 15 10 13 3 14 7 9 11 2 16 4 12 
8 6 1 5 0 15 10 13 3 14 7 9 11 12 16 4 2 
8 6 1 5 3 4 10 12 0 14 7 9 11 2 16 15 13 
8 6 1 5 3 4 10 12 0 14 7 9 11 13 16 15 2 
8 6 1 5 3 4 10 13 0 14 7 9 11 2 16 15 12 
8 6 1 5 3 4 10 13 0 14 7 9 11 12 16 15 2 
8 6 1 5 3 15 10 12 0 14 7 9 11 2 16 4 13 
8 6 1 5 3 15 10 12 0 14 7 9 11 13 16 4 2 
8 6 1 5 3 15 10 13 0 14 7 9 11 2 16 4 12 
8 6 1 5 3 15 10 13 0 14 7 9 11 12 16 4 2 
8 6 14 5 0 4 9 12 3 15 7 1 11 2 16 10 13 
8 6 14 5 0 4 9 12 3 15 7 1 11 13 16 10 2 
8 6 14 5 0 4 9 12 3 15 10 1 11 2 16 7 13 
8 6 14 5 0 4 9 12 3 15 10 1 11 13 16 7 2 
8 6 14 5 0 4 9 13 3 15 7 1 11 2 16 10 12 
8 6 14 5 0 4 9 13 3 15 7 1 11 12 16 10 2 
8 6 14 5 0 4 9 13 3 15 10 1 11 2 16 7 12 
8 6 14 5 0 4 9 13 3 15 10 1 11 12 16 7 2 
8 6 14 5 0 4 10 12 3 1 7 9 11 2 16 15 13 
8 6 14 5 0 4 10 12 3 1 7 9 11 13 16 15 2 
8 6 14 5 0 4 10 13 3 1 7 9 11 2 16 15 12 
8 6 14 5 0 4 10 13 3 1 7 9 11 12 16 15 2 
8 6 14 5 0 4 10 13 12 15 3 1 11 2 16 7 9 
8 6 14 5 0 4 10 13 12 15 3 1 11 9 16 7 2 
8 6 14 5 0 12 10 13 3 15 7 1 11 2 16 4 9 
8 6 14 5 0 12 10 13 3 15 7 1 11 9 16 4 2 
8 6 14 5 0 15 10 12 3 1 7 9 11 2 16 4 13 
8 6 14 5 0 15 10 12 3 1 7 9 11 13 16 4 2 
8 6 14 5 0 15 10 13 3 1 7 9 11 2 16 4 12 
8 6 14 5 0 15 10 13 3 1 7 9 11 12 16 4 2 
8 6 14 5 0 16 9 12 3 15 7 1 11 2 10 4 13 
8 6 14 5 0 16 9 12 3 15 7 1 11 13 10 4 2 
8 6 14 5 0 16 9 12 3 15 10 1 11 2 7 4 13 
8 6 14 5 0 16 9 12 3 15 10 1 11 13 7 4 2 
8 6 14 5 0 16 9 13 3 15 7 1 11 2 10 4 12 
8 6 14 5 0 16 9 13 3 15 7 1 11 12 10 4 2 
8 6 14 5 0 16 9 13 3 15 10 1 11 2 7 4 12 
8 6 14 5 0 16 9 13 3 15 10 1 11 12 7 4 2 
8 6 14 5 0 16 10 12 3 15 7 1 11 2 9 4 13 
8 6 14 5 0 16 10 12 3 15 7 1 11 13 9 4 2 
8 6 14 5 0 16 10 13 3 15 7 1 11 2 9 4 12 
8 6 14 5 0 16 10 13 3 15 7 1 11 12 9 4 2 
8 6 14 5 0 16 10 13 12 15 3 1 11 2 7 4 9 
8 6 14 5 0 16 10 13 12 15 3 1 11 9 7 4 2 
8 6 14 5 3 4 9 12 0 15 7 1 11 2 16 10 13 
8 6 14 5 3 4 9 12 0 15 7 1 11 13 16 10 2 
8 6 14 5 3 4 9 12 0 15 10 1 11 2 16 7 13 
8 6 14 5 3 4 9 12 0 15 10 1 11 13 16 7 2 
8 6 14 5 3 4 9 13 0 15 7 1 11 2 16 10 12 
8 6 14 5 3 4 9 13 0 15 7 1 11 12 16 10 2 
8 6 14 5 3 4 9 13 0 15 10 1 11 2 16 7 12 
8 6 14 5 3 4 9 13 0 15 10 1 11 12 16 7 2 
8 6 14 5 3 4 10 12 0 1 7 9 11 2 16 15 13 
8 6 14 5 3 4 10 12 0 1 7 9 11 13 16 15 2 
8 6 14 5 3 4 10 13 0 1 7 9 11 2 16 15 12 
8 6 14 5 3 4 10 13 0 1 7 9 11 12 16 15 2 
8 6 14 5 3 4 10 13 12 15 0 1 11 2 16 7 9 
8 6 14 5 3 4 10 13 12 15 0 1 11 9 16 7 2 
8 6 14 5 3 12 10 13 0 15 7 1 11 2 16 4 9 
8 6 14 5 3 12 10 13 0 15 7 1 11 9 16 4 2 
8 6 14 5 3 15 10 12 0 1 7 9 11 2 16 4 13 
8 6 14 5 3 15 10 12 0 1 7 9 11 13 16 4 2 
8 6 14 5 3 15 10 13 0 1 7 9 11 2 16 4 12 
8 6 14 5 3 15 10 13 0 1 7 9 11 12 16 4 2 
8 6 14 5 3 16 9 12 0 15 7 1 11 2 10 4 13 
8 6 14 5 3 16 9 12 0 15 7 1 11 13 10 4 2 
8 6 14 5 3 16 9 12 0 15 10 1 11 2 7 4 13 
8 6 14 5 3 16 9 12 0 15 10 1 11 13 7 4 2 
8 6 14 5 3 16 9 13 0 15 7 1 11 2 10 4 12 
8 6 14 5 3 16 9 13 0 15 7 1 11 12 10 4 2 
8 6 14 5 3 16 9 13 0 15 10 1 11 2 7 4 12 
8 6 14 5 3 16 9 13 0 15 10 1 11 12 7 4 2 
8 6 14 5 3 16 10 12 0 15 7 1 11 2 9 4 13 
8 6 14 5 3 16 10 12 0 15 7 1 11 13 9 4 2 
8 6 14 5 3 16 10 13 0 15 7 1 11 2 9 4 12 
8 6 14 5 3 16 10 13 0 15 7 1 11 12 9 4 2 
8 6 14 5 3 16 10 13 12 15 0 1 11 2 7 4 9 
8 6 14 5 3 16 10 13 12 15 0 1 11 9 7 4 2 
8 6 14 5 12 4 10 13 0 15 3 1 11 2 16 7 9 
8 6 14 5 12 4 10 13 0 15 3 1 11 9 16 7 2 
8 6 14 5 12 4 10 13 3 15 0 1 11 2 16 7 9 
8 6 14 5 12 4 10 13 3 15 0 1 11 9 16 7 2 
8 6 14 5 12 16 10 13 0 15 3 1 11 2 7 4 9 
8 6 14 5 12 16 10 13 0 15 3 1 11 9 7 4 2 
8 6 14 5 12 16 10 13 3 15 0 1 11 2 7 4 9 
8 6 14 5 12 16 10 13 3 15 0 1 11 9 7 4 2 
8 6 15 5 0 4 9 12 3 14 7 1 11 2 16 10 13 
8 6 15 5 0 4 9 12 3 14 7 1 11 13 16 10 2 
8 6 15 5 0 4 9 12 3 14 10 1 11 2 16 7 13 
8 6 15 5 0 4 9 12 3 14 10 1 11 13 16 7 2 
8 6 15 5 0 4 9 13 3 14 7 1 11 2 16 10 12 
8 6 15 5 0 4 9 13 3 14 7 1 11 12 16 10 2 
8 6 15 5 0 4 9 13 3 14 10 1 11 2 16 7 12 
8 6 15 5 0 4 9 13 3 14 10 1 11 12 16 7 2 
8 6 15 5 0 4 10 13 12 14 3 1 11 2 16 7 9 
8 6 15 5 0 4 10 13 12 14 3 1 11 9 16 7 2 
8 6 15 5 0 12 10 13 3 14 7 1 11 2 16 4 9 
8 6 15 5 0 12 10 13 3 14 7 1 11 9 16 4 2 
8 6 15 5 0 16 9 12 3 14 7 1 11 2 10 4 13 
8 6 15 5 0 16 9 12 3 14 7 1 11 13 10 4 2 
8 6 15 5 0 16 9 12 3 14 10 1 11 2 7 4 13 
8 6 15 5 0 16 9 12 3 14 10 1 11 13 7 4 2 
8 6 15 5 0 16 9 13 3 14 7 1 11 2 10 4 12 
8 6 15 5 0 16 9 13 3 14 7 1 11 12 10 4 2 
8 6 15 5 0 16 9 13 3 14 10 1 11 2 7 4 12 
8 6 15 5 0 16 9 13 3 14 10 1 11 12 7 4 2 
8 6 15 5 0 16 10 12 3 14 7 1 11 2 9 4 13 
8 6 15 5 0 16 10 12 3 14 7 1 11 13 9 4 2 
8 6 15 5 0 16 10 13 3 14 7 1 11 2 9 4 12 
8 6 15 5 0 16 10 13 3 14 7 1 11 12 9 4 2 
8 6 15 5 0 16 10 13 12 14 3 1 11 2 7 4 9 
8 6 15 5 0 16 10 13 12 14 3 1 11 9 7 4 2 
8 6 15 5 3 4 9 12 0 14 7 1 11 2 16 10 13 
8 6 15 5 3 4 9 12 0 14 7 1 11 13 16 10 2 
8 6 15 5 3 4 9 12 0 14 10 1 11 2 16 7 13 
8 6 15 5 3 4 9 12 0 14 10 1 11 13 16 7 2 
8 6 15 5 3 4 9 13 0 14 7 1 11 2 16 10 12 
8 6 15 5 3 4 9 13 0 14 7 1 11 12 16 10 2 
8 6 15 5 3 4 9 13 0 14 10 1 11 2 16 7 12 
8 6 15 5 3 4 9 13 0 14 10 1 11 12 16 7 2 
8 6 15 5 3 4 10 13 12 14 0 1 11 2 16 7 9 
8 6 15 5 3 4 10 13 12 14 0 1 11 9 16 7 2 
8 6 15 5 3 12 10 13 0 14 7 1 11 2 16 4 9 
8 6 15 5 3 12 10 13 0 14 7 1 11 9 16 4 2 
8 6 15 5 3 16 9 12 0 14 7 1 11 2 10 4 13 
8 6 15 5 3 16 9 12 0 14 7 1 11 13 10 4 2 
8 6 15 5 3 16 9 12 0 14 10 1 11 2 7 4 13 
8 6 15 5 3 16 9 12 0 14 10 1 11 13 7 4 2 
8 6 15 5 3 16 9 13 0 14 7 1 11 2 10 4 12 
8 6 15 5 3 16 9 13 0 14 7 1 11 12 10 4 2 
8 6 15 5 3 16 9 13 0 14 10 1 11 2 7 4 12 
8 6 15 5 3 16 9 13 0 14 10 1 11 12 7 4 2 
8 6 15 5 3 16 10 12 0 14 7 1 11 2 9 4 13 
8 6 15 5 3 16 10 12 0 14 7 1 11 13 9 4 2 
8 6 15 5 3 16 10 13 0 14 7 1 11 2 9 4 12 
8 6 15 5 3 16 10 13 0 14 7 1 11 12 9 4 2 
8 6 15 5 3 16 10 13 12 14 0 1 11 2 7 4 9 
8 6 15 5 3 16 10 13 12 14 0 1 11 9 7 4 2 
8 6 15 5 12 4 10 13 0 14 3 1 11 2 16 7 9 
8 6 15 5 12 4 10 13 0 14 3 1 11 9 16 7 2 
8 6 15 5 12 4 10 13 3 14 0 1 11 2 16 7 9 
8 6 15 5 12 4 10 13 3 14 0 1 11 9 16 7 2 
8 6 15 5 12 16 10 13 0 14 3 1 11 2 7 4 9 
8 6 15 5 12 16 10 13 0 14 3 1 11 9 7 4 2 
8 6 15 5 12 16 10 13 3 14 0 1 11 2 7 4 9 
8 6 15 5 12 16 10 13 3 14 0 1 11 9 7 4 2 
8 9 1 5 0 4 10 12 3 14 7 6 11 2 16 15 13 
8 9 1 5 0 4 10 12 3 14 7 6 11 13 16 15 2 
8 9 1 5 0 4 10 13 3 14 7 6 11 2 16 15 12 
8 9 1 5 0 4 10 13 3 14 7 6 11 12 16 15 2 
8 9 1 5 0 15 10 12 3 14 7 6 11 2 16 4 13 
8 9 1 5 0 15 10 12 3 14 7 6 11 13 16 4 2 
8 9 1 5 0 15 10 13 3 14 7 6 11 2 16 4 12 
8 9 1 5 0 15 10 13 3 14 7 6 11 12 16 4 2 
8 9 1 5 3 4 10 12 0 14 7 6 11 2 16 15 13 
8 9 1 5 3 4 10 12 0 14 7 6 11 13 16 15 2 
8 9 1 5 3 4 10 13 0 14 7 6 11 2 16 15 12 
8 9 1 5 3 4 10 13 0 14 7 6 11 12 16 15 2 
8 9 1 5 3 15 10 12 0 14 7 6 11 2 16 4 13 
8 9 1 5 3 15 10 12 0 14 7 6 11 13 16 4 2 
8 9 1 5 3 15 10 13 0 14 7 6 11 2 16 4 12 
8 9 1 5 3 15 10 13 0 14 7 6 11 12 16 4 2 
8 9 14 5 0 4 10 12 3 1 7 6 11 2 16 15 13 
8 9 14 5 0 4 10 12 3 1 7 6 11 13 16 15 2 
8 9 14 5 0 4 10 12 6 15 3 1 11 2 16 7 13 
8 9 14 5 0 4 10 12 6 15 3 1 11 13 16 7 2 
8 9 14 5 0 4 10 13 3 1 7 6 11 2 16 15 12 
8 9 14 5 0 4 10 13 3 1 7 6 11 12 16 15 2 
8 9 14 5 0 4 10 13 6 15 3 1 11 2 16 7 12 
8 9 14 5 0 4 10 13 6 15 3 1 11 12 16 7 2 
8 9 14 5 0 15 10 12 3 1 7 6 11 2 16 4 13 
8 9 14 5 0 15 10 12 3 1 7 6 11 13 16 4 2 
8 9 14 5 0 15 10 13 3 1 7 6 11 2 16 4 12 
8 9 14 5 0 15 10 13 3 1 7 6 11 12 16 4 2 
8 9 14 5 0 16 10 12 3 15 7 1 11 2 6 4 13 
8 9 14 5 0 16 10 12 3 15 7 1 11 13 6 4 2 
8 9 14 5 0 16 10 12 6 15 3 1 11 2 7 4 13 
8 9 14 5 0 16 10 12 6 15 3 1 11 13 7 4 2 
8 9 14 5 0 16 10 13 3 15 7 1 11 2 6 4 12 
8 9 14 5 0 16 10 13 3 15 7 1 11 12 6 4 2 
8 9 14 5 0 16 10 13 6 15 3 1 11 2 7 4 12 
8 9 14 5 0 16 10 13 6 15 3 1 11 12 7 4 2 
8 9 14 5 3 4 10 12 0 1 7 6 11 2 16 15 13 
8 9 14 5 3 4 10 12 0 1 7 6 11 13 16 15 2 
8 9 14 5 3 4 10 12 6 15 0 1 11 2 16 7 13 
8 9 14 5 3 4 10 12 6 15 0 1 11 13 16 7 2 
8 9 14 5 3 4 10 13 0 1 7 6 11 2 16 15 12 
8 9 14 5 3 4 10 13 0 1 7 6 11 12 16 15 2 
8 9 14 5 3 4 10 13 6 15 0 1 11 2 16 7 12 
8 9 14 5 3 4 10 13 6 15 0 1 11 12 16 7 2 
8 9 14 5 3 15 10 12 0 1 7 6 11 2 16 4 13 
8 9 14 5 3 15 10 12 0 1 7 6 11 13 16 4 2 
8 9 14 5 3 15 10 13 0 1 7 6 11 2 16 4 12 
8 9 14 5 3 15 10 13 0 1 7 6 11 12 16 4 2 
8 9 14 5 3 16 10 12 0 15 7 1 11 2 6 4 13 
8 9 14 5 3 16 10 12 0 15 7 1 11 13 6 4 2 
8 9 14 5 3 16 10 12 6 15 0 1 11 2 7 4 13 
8 9 14 5 3 16 10 12 6 15 0 1 11 13 7 4 2 
8 9 14 5 3 16 10 13 0 15 7 1 11 2 6 4 12 
8 9 14 5 3 16 10 13 0 15 7 1 11 12 6 4 2 
8 9 14 5 3 16 10 13 6 15 0 1 11 2 7 4 12 
8 9 14 5 3 16 10 13 6 15 0 1 11 12 7 4 2 
8 9 14 5 6 4 10 12 0 15 3 1 11 2 16 7 13 
8 9 14 5 6 4 10 12 0 15 3 1 11 13 16 7 2 
8 9 14 5 6 4 10 12 3 15 0 1 11 2 16 7 13 
8 9 14 5 6 4 10 12 3 15 0 1 11 13 16 7 2 
8 9 14 5 6 4 10 13 0 15 3 1 11 2 16 7 12 
8 9 14 5 6 4 10 13 0 15 3 1 11 12 16 7 2 
8 9 14 5 6 4 10 13 3 15 0 1 11 2 16 7 12 
8 9 14 5 6 4 10 13 3 15 0 1 11 12 16 7 2 
8 9 14 5 6 16 10 12 0 15 3 1 11 2 7 4 13 
8 9 14 5 6 16 10 12 0 15 3 1 11 13 7 4 2 
8 9 14 5 6 16 10 12 3 15 0 1 11 2 7 4 13 
8 9 14 5 6 16 10 12 3 15 0 1 11 13 7 4 2 
8 9 14 5 6 16 10 13 0 15 3 1 11 2 7 4 12 
8 9 14 5 6 16 10 13 0 15 3 1 11 12 7 4 2 
8 9 14 5 6 16 10 13 3 15 0 1 11 2 7 4 12 
8 9 14 5 6 16 10 13 3 15 0 1 11 12 7 4 2 
8 9 15 5 0 4 10 12 6 14 3 1 11 2 16 7 13 
8 9 15 5 0 4 10 12 6 14 3 1 11 13 16 7 2 
8 9 15 5 0 4 10 13 6 14 3 1 11 2 16 7 12 
8 9 15 5 0 4 10 13 6 14 3 1 11 12 16 7 2 
8 9 15 5 0 16 10 12 3 14 7 1 11 2 6 4 13 
8 9 15 5 0 16 10 12 3 14 7 1 11 13 6 4 2 
8 9 15 5 0 16 10 12 6 14 3 1 11 2 7 4 13 
8 9 15 5 0 16 10 12 6 14 3 1 11 13 7 4 2 
8 9 15 5 0 16 10 13 3 14 7 1 11 2 6 4 12 
8 9 15 5 0 16 10 13 3 14 7 1 11 12 6 4 2 
8 9 15 5 0 16 10 13 6 14 3 1 11 2 7 4 12 
8 9 15 5 0 16 10 13 6 14 3 1 11 12 7 4 2 
8 9 15 5 3 4 10 12 6 14 0 1 11 2 16 7 13 
8 9 15 5 3 4 10 12 6 14 0 1 11 13 16 7 2 
8 9 15 5 3 4 10 13 6 14 0 1 11 2 16 7 12 
8 9 15 5 3 4 10 13 6 14 0 1 11 12 16 7 2 
8 9 15 5 3 16 10 12 0 14 7 1 11 2 6 4 13 
8 9 15 5 3 16 10 12 0 14 7 1 11 13 6 4 2 
8 9 15 5 3 16 10 12 6 14 0 1 11 2 7 4 13 
8 9 15 5 3 16 10 12 6 14 0 1 11 13 7 4 2 
8 9 15 5 3 16 10 13 0 14 7 1 11 2 6 4 12 
8 9 15 5 3 16 10 13 0 14 7 1 11 12 6 4 2 
8 9 15 5 3 16 10 13 6 14 0 1 11 2 7 4 12 
8 9 15 5 3 16 10 13 6 14 0 1 11 12 7 4 2 
8 9 15 5 6 4 10 12 0 14 3 1 11 2 16 7 13 
8 9 15 5 6 4 10 12 0 14 3 1 11 13 16 7 2 
8 9 15 5 6 4 10 12 3 14 0 1 11 2 16 7 13 
8 9 15 5 6 4 10 12 3 14 0 1 11 13 16 7 2 
8 9 15 5 6 4 10 13 0 14 3 1 11 2 16 7 12 
8 9 15 5 6 4 10 13 0 14 3 1 11 12 16 7 2 
8 9 15 5 6 4 10 13 3 14 0 1 11 2 16 7 12 
8 9 15 5 6 4 10 13 3 14 0 1 11 12 16 7 2 
8 9 15 5 6 16 10 12 0 14 3 1 11 2 7 4 13 
8 9 15 5 6 16 10 12 0 14 3 1 11 13 7 4 2 
8 9 15 5 6 16 10 12 3 14 0 1 11 2 7 4 13 
8 9 15 5 6 16 10 12 3 14 0 1 11 13 7 4 2 
8 9 15 5 6 16 10 13 0 14 3 1 11 2 7 4 12 
8 9 15 5 6 16 10 13 0 14 3 1 11 12 7 4 2 
8 9 15 5 6 16 10 13 3 14 0 1 11 2 7 4 12 
8 9 15 5 6 16 10 13 3 14 0 1 11 12 7 4 2 
15 1 8 5 0 4 9 12 3 14 7 6 11 2 16 10 13 
15 1 8 5 0 4 9 12 3 14 7 6 11 13 16 10 2 
15 1 8 5 0 4 9 12 3 14 10 6 11 2 16 7 13 
15 1 8 5 0 4 9 12 3 14 10 6 11 13 16 7 2 
15 1 8 5 0 4 9 13 3 14 7 6 11 2 16 10 12 
15 1 8 5 0 4 9 13 3 14 7 6 11 12 16 10 2 
15 1 8 5 0 4 9 13 3 14 10 6 11 2 16 7 12 
15 1 8 5 0 4 9 13 3 14 10 6 11 12 16 7 2 
15 1 8 5 0 4 10 12 6 14 3 9 11 2 16 7 13 
15 1 8 5 0 4 10 12 6 14 3 9 11 13 16 7 2 
15 1 8 5 0 4 10 13 6 14 3 9 11 2 16 7 12 
15 1 8 5 0 4 10 13 6 14 3 9 11 12 16 7 2 
15 1 8 5 0 4 10 13 12 14 3 6 11 2 16 7 9 
15 1 8 5 0 4 10 13 12 14 3 6 11 9 16 7 2 
15 1 8 5 0 12 10 13 3 14 7 6 11 2 16 4 9 
15 1 8 5 0 12 10 13 3 14 7 6 11 9 16 4 2 
15 1 8 5 0 16 9 12 3 14 7 6 11 2 10 4 13 
15 1 8 5 0 16 9 12 3 14 7 6 11 13 10 4 2 
15 1 8 5 0 16 9 12 3 14 10 6 11 2 7 4 13 
15 1 8 5 0 16 9 12 3 14 10 6 11 13 7 4 2 
15 1 8 5 0 16 9 13 3 14 7 6 11 2 10 4 12 
15 1 8 5 0 16 9 13 3 14 7 6 11 12 10 4 2 
15 1 8 5 0 16 9 13 3 14 10 6 11 2 7 4 12 
15 1 8 5 0 16 9 13 3 14 10 6 11 12 7 4 2 
15 1 8 5 0 16 10 12 3 14 7 6 11 2 9 4 13 
15 1 8 5 0 16 10 12 3 14 7 6 11 13 9 4 2 
15 1 8 5 0 16 10 12 3 14 7 9 11 2 6 4 13 
15 1 8 5 0 16 10 12 3 14 7 9 11 13 6 4 2 
15 1 8 5 0 16 10 12 6 14 3 9 11 2 7 4 13 
15 1 8 5 0 16 10 12 6 14 3 9 11 13 7 4 2 
15 1 8 5 0 16 10 13 3 14 7 6 11 2 9 4 12 
15 1 8 5 0 16 10 13 3 14 7 6 11 12 9 4 2 
15 1 8 5 0 16 10 13 3 14 7 9 11 2 6 4 12 
15 1 8 5 0 16 10 13 3 14 7 9 11 12 6 4 2 
15 1 8 5 0 16 10 13 6 14 3 9 11 2 7 4 12 
15 1 8 5 0 16 10 13 6 14 3 9 11 12 7 4 2 
15 1 8 5 0 16 10 13 12 14 3 6 11 2 7 4 9 
15 1 8 5 0 16 10 13 12 14 3 6 11 9 7 4 2 
15 1 8 5 3 4 9 12 0 14 7 6 11 2 16 10 13 
15 1 8 5 3 4 9 12 0 14 7 6 11 13 16 10 2 
15 1 8 5 3 4 9 12 0 14 10 6 11 2 16 7 13 
15 1 8 5 3 4 9 12 0 14 10 6 11 13 16 7 2 
15 1 8 5 3 4 9 13 0 14 7 6 11 2 16 10 12 
15 1 8 5 3 4 9 13 0 14 7 6 11 12 16 10 2 
15 1 8 5 3 4 9 13 0 14 10 6 11 2 16 7 12 
15 1 8 5 3 4 9 13 0 14 10 6 11 12 16 7 2 
15 1 8 5 3 4 10 12 6 14 0 9 11 2 16 7 13 
15 1 8 5 3 4 10 12 6 14 0 9 11 13 16 7 2 
15 1 8 5 3 4 10 13 6 14 0 9 11 2 16 7 12 
15 1 8 5 3 4 10 13 6 14 0 9 11 12 16 7 2 
15 1 8 5 3 4 10 13 12 14 0 6 11 2 16 7 9 
15 1 8 5 3 4 10 13 12 14 0 6 11 9 16 7 2 
15 1 8 5 3 12 10 13 0 14 7 6 11 2 16 4 9 
15 1 8 5 3 12 10 13 0 14 7 6 11 9 16 4 2 
15 1 8 5 3 16 9 12 0 14 7 6 11 2 10 4 13 
15 1 8 5 3 16 9 12 0 14 7 6 11 13 10 4 2 
15 1 8 5 3 16 9 12 0 14 10 6 11 2 7 4 13 
15 1 8 5 3 16 9 12 0 14 10 6 11 13 7 4 2 
15 1 8 5 3 16 9 13 0 14 7 6 11 2 10 4 12 
15 1 8 5 3 16 9 13 0 14 7 6 11 12 10 4 2 
15 1 8 5 3 16 9 13 0 14 10 6 11 2 7 4 12 
15 1 8 5 3 16 9 13 0 14 10 6 11 12 7 4 2 
15 1 8 5 3 16 10 12 0 14 7 6 11 2 9 4 13 
15 1 8 5 3 16 10 12 0 14 7 6 11 13 9 4 2 
15 1 8 5 3 16 10 12 0 14 7 9 11 2 6 4 13 
15 1 8 5 3 16 10 12 0 14 7 9 11 13 6 4 2 
15 1 8 5 3 16 10 12 6 14 0 9 11 2 7 4 13 
15 1 8 5 3 16 10 12 6 14 0 9 11 13 7 4 2 
15 1 8 5 3 16 10 13 0 14 7 6 11 2 9 4 12 
15 1 8 5 3 16 10 13 0 14 7 6 11 12 9 4 2 
15 1 8 5 3 16 10 13 0 14 7 9 11 2 6 4 12 
15 1 8 5 3 16 10 13 0 14 7 9 11 12 6 4 2 
15 1 8 5 3 16 10 13 6 14 0 9 11 2 7 4 12 
15 1 8 5 3 16 10 13 6 14 0 9 11 12 7 4 2 
15 1 8 5 3 16 10 13 12 14 0 6 11 2 7 4 9 
15 1 8 5 3 16 10 13 12 14 0 6 11 9 7 4 2 
15 1 8 5 6 4 10 12 0 14 3 9 11 2 16 7 13 
15 1 8 5 6 4 10 12 0 14 3 9 11 13 16 7 2 
15 1 8 5 6 4 10 12 3 14 0 9 11 2 16 7 13 
15 1 8 5 6 4 10 12 3 14 0 9 11 13 16 7 2 
15 1 8 5 6 4 10 13 0 14 3 9 11 2 16 7 12 
15 1 8 5 6 4 10 13 0 14 3 9 11 12 16 7 2 
15 1 8 5 6 4 10 13 3 14 0 9 11 2 16 7 12 
15 1 8 5 6 4 10 13 3 14 0 9 11 12 16 7 2 
15 1 8 5 6 16 10 12 0 14 3 9 11 2 7 4 13 
15 1 8 5 6 16 10 12 0 14 3 9 11 13 7 4 2 
15 1 8 5 6 16 10 12 3 14 0 9 11 2 7 4 13 
15 1 8 5 6 16 10 12 3 14 0 9 11 13 7 4 2 
15 1 8 5 6 16 10 13 0 14 3 9 11 2 7 4 12 
15 1 8 5 6 16 10 13 0 14 3 9 11 12 7 4 2 
15 1 8 5 6 16 10 13 3 14 0 9 11 2 7 4 12 
15 1 8 5 6 16 10 13 3 14 0 9 11 12 7 4 2 
15 1 8 5 12 4 10 13 0 14 3 6 11 2 16 7 9 
15 1 8 5 12 4 10 13 0 14 3 6 11 9 16 7 2 
15 1 8 5 12 4 10 13 3 14 0 6 11 2 16 7 9 
15 1 8 5 12 4 10 13 3 14 0 6 11 9 16 7 2 
15 1 8 5 12 16 10 13 0 14 3 6 11 2 7 4 9 
15 1 8 5 12 16 10 13 0 14 3 6 11 9 7 4 2 
15 1 8 5 12 16 10 13 3 14 0 6 11 2 7 4 9 
15 1 8 5 12 16 10 13 3 14 0 6 11 9 7 4 2 
15 1 11 5 0 4 9 12 3 14 7 6 8 2 16 10 13 
15 1 11 5 0 4 9 12 3 14 7 6 8 13 16 10 2 
15 1 11 5 0 4 9 12 3 14 10 6 8 2 16 7 13 
15 1 11 5 0 4 9 12 3 14 10 6 8 13 16 7 2 
15 1 11 5 0 4 9 13 3 14 7 6 8 2 16 10 12 
15 1 11 5 0 4 9 13 3 14 7 6 8 12 16 10 2 
15 1 11 5 0 4 9 13 3 14 10 6 8 2 16 7 12 
15 1 11 5 0 4 9 13 3 14 10 6 8 12 16 7 2 
15 1 11 5 0 4 10 12 6 14 3 9 8 2 16 7 13 
15 1 11 5 0 4 10 12 6 14 3 9 8 13 16 7 2 
15 1 11 5 0 4 10 13 6 14 3 9 8 2 16 7 12 
15 1 11 5 0 4 10 13 6 14 3 9 8 12 16 7 2 
15 1 11 5 0 4 10 13 12 14 3 6 8 2 16 7 9 
15 1 11 5 0 4 10 13 12 14 3 6 8 9 16 7 2 
15 1 11 5 0 12 10 13 3 14 7 6 8 2 16 4 9 
15 1 11 5 0 12 10 13 3 14 7 6 8 9 16 4 2 
15 1 11 5 0 16 9 12 3 14 7 6 8 2 10 4 13 
15 1 11 5 0 16 9 12 3 14 7 6 8 13 10 4 2 
15 1 11 5 0 16 9 12 3 14 10 6 8 2 7 4 13 
15 1 11 5 0 16 9 12 3 14 10 6 8 13 7 4 2 
15 1 11 5 0 16 9 13 3 14 7 6 8 2 10 4 12 
15 1 11 5 0 16 9 13 3 14 7 6 8 12 10 4 2 
15 1 11 5 0 16 9 13 3 14 10 6 8 2 7 4 12 
15 1 11 5 0 16 9 13 3 14 10 6 8 12 7 4 2 
15 1 11 5 0 16 10 12 3 14 7 6 8 2 9 4 13 
15 1 11 5 0 16 10 12 3 14 7 6 8 13 9 4 2 
15 1 11 5 0 16 10 12 3 14 7 9 8 2 6 4 13 
15 1 11 5 0 16 10 12 3 14 7 9 8 13 6 4 2 
15 1 11 5 0 16 10 12 6 14 3 9 8 2 7 4 13 
15 1 11 5 0 16 10 12 6 14 3 9 8 13 7 4 2 
15 1 11 5 0 16 10 13 3 14 7 6 8 2 9 4 12 
15 1 11 5 0 16 10 13 3 14 7 6 8 12 9 4 2 
15 1 11 5 0 16 10 13 3 14 7 9 8 2 6 4 12 
15 1 11 5 0 16 10 13 3 14 7 9 8 12 6 4 2 
15 1 11 5 0 16 10 13 6 14 3 9 8 2 7 4 12 
15 1 11 5 0 16 10 13 6 14 3 9 8 12 7 4 2 
15 1 11 5 0 16 10 13 12 14 3 6 8 2 7 4 9 
15 1 11 5 0 16 10 13 12 14 3 6 8 9 7 4 2 
15 1 11 5 3 4 9 12 0 14 7 6 8 2 16 10 13 
15 1 11 5 3 4 9 12 0 14 7 6 8 13 16 10 2 
15 1 11 5 3 4 9 12 0 14 10 6 8 2 16 7 13 
15 1 11 5 3 4 9 12 0 14 10 6 8 13 16 7 2 
15 1 11 5 3 4 9 13 0 14 7 6 8 2 16 10 12 
15 1 11 5 3 4 9 13 0 14 7 6 8 12 16 10 2 
15 1 11 5 3 4 9 13 0 14 10 6 8 2 16 7 12 
15 1 11 5 3 4 9 13 0 14 10 6 8 12 16 7 2 
15 1 11 5 3 4 10 12 6 14 0 9 8 2 16 7 13 
15 1 11 5 3 4 10 12 6 14 0 9 8 13 16 7 2 
15 1 11 5 3 4 10 13 6 14 0 9 8 2 16 7 12 
15 1 11 5 3 4 10 13 6 14 0 9 8 12 16 7 2 
15 1 11 5 3 4 10 13 12 14 0 6 8 2 16 7 9 
15 1 11 5 3 4 10 13 12 14 0 6 8 9 16 7 2 
15 1 11 5 3 12 10 13 0 14 7 6 8 2 16 4 9 
15 1 11 5 3 12 10 13 0 14 7 6 8 9 16 4 2 
15 1 11 5 3 16 9 12 0 14 7 6 8 2 10 4 13 
15 1 11 5 3 16 9 12 0 14 7 6 8 13 10 4 2 
15 1 11 5 3 16 9 12 0 14 10 6 8 2 7 4 13 
15 1 11 5 3 16 9 12 0 14 10 6 8 13 7 4 2 
15 1 11 5 3 16 9 13 0 14 7 6 8 2 10 4 12 
15 1 11 5 3 16 9 13 0 14 7 6 8 12 10 4 2 
15 1 11 5 3 16 9 13 0 14 10 6 8 2 7 4 12 
15 1 11 5 3 16 9 13 0 14 10 6 8 12 7 4 2 
15 1 11 5 3 16 10 12 0 14 7 6 8 2 9 4 13 
15 1 11 5 3 16 10 12 0 14 7 6 8 13 9 4 2 
15 1 11 5 3 16 10 12 0 14 7 9 8 2 6 4 13 
15 1 11 5 3 16 10 12 0 14 7 9 8 13 6 4 2 
15 1 11 5 3 16 10 12 6 14 0 9 8 2 7 4 13 
15 1 11 5 3 16 10 12 6 14 0 9 8 13 7 4 2 
15 1 11 5 3 16 10 13 0 14 7 6 8 2 9 4 12 
15 1 11 5 3 16 10 13 0 14 7 6 8 12 9 4 2 
15 1 11 5 3 16 10 13 0 14 7 9 8 2 6 4 12 
15 1 11 5 3 16 10 13 0 14 7 9 8 12 6 4 2 
15 1 11 5 3 16 10 13 6 14 0 9 8 2 7 4 12 
15 1 11 5 3 16 10 13 6 14 0 9 8 12 7 4 2 
15 1 11 5 3 16 10 13 12 14 0 6 8 2 7 4 9 
15 1 11 5 3 16 10 13 12 14 0 6 8 9 7 4 2 
15 1 11 5 6 4 10 12 0 14 3 9 8 2 16 7 13 
15 1 11 5 6 4 10 12 0 14 3 9 8 13 16 7 2 
15 1 11 5 6 4 10 12 3 14 0 9 8 2 16 7 13 
15 1 11 5 6 4 10 12 3 14 0 9 8 13 16 7 2 
15 1 11 5 6 4 10 13 0 14 3 9 8 2 16 7 12 
15 1 11 5 6 4 10 13 0 14 3 9 8 12 16 7 2 
15 1 11 5 6 4 10 13 3 14 0 9 8 2 16 7 12 
15 1 11 5 6 4 10 13 3 14 0 9 8 12 16 7 2 
15 1 11 5 6 16 10 12 0 14 3 9 8 2 7 4 13 
15 1 11 5 6 16 10 12 0 14 3 9 8 13 7 4 2 
15 1 11 5 6 16 10 12 3 14 0 9 8 2 7 4 13 
15 1 11 5 6 16 10 12 3 14 0 9 8 13 7 4 2 
15 1 11 5 6 16 10 13 0 14 3 9 8 2 7 4 12 
15 1 11 5 6 16 10 13 0 14 3 9 8 12 7 4 2 
15 1 11 5 6 16 10 13 3 14 0 9 8 2 7 4 12 
15 1 11 5 6 16 10 13 3 14 0 9 8 12 7 4 2 
15 1 11 5 12 4 10 13 0 14 3 6 8 2 16 7 9 
15 1 11 5 12 4 10 13 0 14 3 6 8 9 16 7 2 
15 1 11 5 12 4 10 13 3 14 0 6 8 2 16 7 9 
15 1 11 5 12 4 10 13 3 14 0 6 8 9 16 7 2 
15 1 11 5 12 16 10 13 0 14 3 6 8 2 7 4 9 
15 1 11 5 12 16 10 13 0 14 3 6 8 9 7 4 2 
15 1 11 5 12 16 10 13 3 14 0 6 8 2 7 4 9 
15 1 11 5 12 16 10 13 3 14 0 6 8 9 7 4 2 
15 1 14 5 0 4 9 12 3 8 7 6 11 2 16 10 13 
15 1 14 5 0 4 9 12 3 8 7 6 11 13 16 10 2 
15 1 14 5 0 4 9 12 3 8 10 6 11 2 16 7 13 
15 1 14 5 0 4 9 12 3 8 10 6 11 13 16 7 2 
15 1 14 5 0 4 9 12 3 11 7 6 8 2 16 10 13 
15 1 14 5 0 4 9 12 3 11 7 6 8 13 16 10 2 
15 1 14 5 0 4 9 12 3 11 10 6 8 2 16 7 13 
15 1 14 5 0 4 9 12 3 11 10 6 8 13 16 7 2 
15 1 14 5 0 4 9 13 3 8 7 6 11 2 16 10 12 
15 1 14 5 0 4 9 13 3 8 7 6 11 12 16 10 2 
15 1 14 5 0 4 9 13 3 8 10 6 11 2 16 7 12 
15 1 14 5 0 4 9 13 3 8 10 6 11 12 16 7 2 
15 1 14 5 0 4 9 13 3 11 7 6 8 2 16 10 12 
15 1 14 5 0 4 9 13 3 11 7 6 8 12 16 10 2 
15 1 14 5 0 4 9 13 3 11 10 6 8 2 16 7 12 
15 1 14 5 0 4 9 13 3 11 10 6 8 12 16 7 2 
15 1 14 5 0 4 10 12 6 8 3 9 11 2 16 7 13 
15 1 14 5 0 4 10 12 6 8 3 9 11 13 16 7 2 
15 1 14 5 0 4 10 12 6 11 3 9 8 2 16 7 13 
15 1 14 5 0 4 10 12 6 11 3 9 8 13 16 7 2 
15 1 14 5 0 4 10 13 6 8 3 9 11 2 16 7 12 
15 1 14 5 0 4 10 13 6 8 3 9 11 12 16 7 2 
15 1 14 5 0 4 10 13 6 11 3 9 8 2 16 7 12 
15 1 14 5 0 4 10 13 6 11 3 9 8 12 16 7 2 
15 1 14 5 0 4 10 13 12 8 3 6 11 2 16 7 9 
15 1 14 5 0 4 10 13 12 8 3 6 11 9 16 7 2 
15 1 14 5 0 4 10 13 12 11 3 6 8 2 16 7 9 
15 1 14 5 0 4 10 13 12 11 3 6 8 9 16 7 2 
15 1 14 5 0 12 10 13 3 8 7 6 11 2 16 4 9 
15 1 14 5 0 12 10 13 3 8 7 6 11 9 16 4 2 
15 1 14 5 0 12 10 13 3 11 7 6 8 2 16 4 9 
15 1 14 5 0 12 10 13 3 11 7 6 8 9 16 4 2 
15 1 14 5 0 16 9 12 3 8 7 6 11 2 10 4 13 
15 1 14 5 0 16 9 12 3 8 7 6 11 13 10 4 2 
15 1 14 5 0 16 9 12 3 8 10 6 11 2 7 4 13 
15 1 14 5 0 16 9 12 3 8 10 6 11 13 7 4 2 
15 1 14 5 0 16 9 12 3 11 7 6 8 2 10 4 13 
15 1 14 5 0 16 9 12 3 11 7 6 8 13 10 4 2 
15 1 14 5 0 16 9 12 3 11 10 6 8 2 7 4 13 
15 1 14 5 0 16 9 12 3 11 10 6 8 13 7 4 2 
15 1 14 5 0 16 9 13 3 8 7 6 11 2 10 4 12 
15 1 14 5 0 16 9 13 3 8 7 6 11 12 10 4 2 
15 1 14 5 0 16 9 13 3 8 10 6 11 2 7 4 12 
15 1 14 5 0 16 9 13 3 8 10 6 11 12 7 4 2 
15 1 14 5 0 16 9 13 3 11 7 6 8 2 10 4 12 
15 1 14 5 0 16 9 13 3 11 7 6 8 12 10 4 2 
15 1 14 5 0 16 9 13 3 11 10 6 8 2 7 4 12 
15 1 14 5 0 16 9 13 3 11 10 6 8 12 7 4 2 
15 1 14 5 0 16 10 12 3 8 7 6 11 2 9 4 13 
15 1 14 5 0 16 10 12 3 8 7 6 11 13 9 4 2 
15 1 14 5 0 16 10 12 3 8 7 9 11 2 6 4 13 
15 1 14 5 0 16 10 12 3 8 7 9 11 13 6 4 2 
15 1 14 5 0 16 10 12 3 11 7 6 8 2 9 4 13 
15 1 14 5 0 16 10 12 3 11 7 6 8 13 9 4 2 
15 1 14 5 0 16 10 12 3 11 7 9 8 2 6 4 13 
15 1 14 5 0 16 10 12 3 11 7 9 8 13 6 4 2 
15 1 14 5 0 16 10 12 6 8 3 9 11 2 7 4 13 
15 1 14 5 0 16 10 12 6 8 3 9 11 13 7 4 2 
15 1 14 5 0 16 10 12 6 11 3 9 8 2 7 4 13 
15 1 14 5 0 16 10 12 6 11 3 9 8 13 7 4 2 
15 1 14 5 0 16 10 13 3 8 7 6 11 2 9 4 12 
15 1 14 5 0 16 10 13 3 8 7 6 11 12 9 4 2 
15 1 14 5 0 16 10 13 3 8 7 9 11 2 6 4 12 
15 1 14 5 0 16 10 13 3 8 7 9 11 12 6 4 2 
15 1 14 5 0 16 10 13 3 11 7 6 8 2 9 4 12 
15 1 14 5 0 16 10 13 3 11 7 6 8 12 9 4 2 
15 1 14 5 0 16 10 13 3 11 7 9 8 2 6 4 12 
15 1 14 5 0 16 10 13 3 11 7 9 8 12 6 4 2 
15 1 14 5 0 16 10 13 6 8 3 9 11 2 7 4 12 
15 1 14 5 0 16 10 13 6 8 3 9 11 12 7 4 2 
15 1 14 5 0 16 10 13 6 11 3 9 8 2 7 4 12 
15 1 14 5 0 16 10 13 6 11 3 9 8 12 7 4 2 
15 1 14 5 0 16 10 13 12 8 3 6 11 2 7 4 9 
15 1 14 5 0 16 10 13 12 8 3 6 11 9 7 4 2 
15 1 14 5 0 16 10 13 12 11 3 6 8 2 7 4 9 
15 1 14 5 0 16 10 13 12 11 3 6 8 9 7 4 2 
15 1 14 5 3 4 9 12 0 8 7 6 11 2 16 10 13 
15 1 14 5 3 4 9 12 0 8 7 6 11 13 16 10 2 
15 1 14 5 3 4 9 12 0 8 10 6 11 2 16 7 13 
15 1 14 5 3 4 9 12 0 8 10 6 11 13 16 7 2 
15 1 14 5 3 4 9 12 0 11 7 6 8 2 16 10 13 
15 1 14 5 3 4 9 12 0 11 7 6 8 13 16 10 2 
15 1 14 5 3 4 9 12 0 11 10 6 8 2 16 7 13 
15 1 14 5 3 4 9 12 0 11 10 6 8 13 16 7 2 
15 1 14 5 3 4 9 13 0 8 7 6 11 2 16 10 12 
15 1 14 5 3 4 9 13 0 8 7 6 11 12 16 10 2 
15 1 14 5 3 4 9 13 0 8 10 6 11 2 16 7 12 
15 1 14 5 3 4 9 13 0 8 10 6 11 12 16 7 2 
15 1 14 5 3 4 9 13 0 11 7 6 8 2 16 10 12 
15 1 14 5 3 4 9 13 0 11 7 6 8 12 16 10 2 
15 1 14 5 3 4 9 13 0 11 10 6 8 2 16 7 12 
15 1 14 5 3 4 9 13 0 11 10 6 8 12 16 7 2 
15 1 14 5 3 4 10 12 6 8 0 9 11 2 16 7 13 
15 1 14 5 3 4 10 12 6 8 0 9 11 13 16 7 2 
15 1 14 5 3 4 10 12 6 11 0 9 8 2 16 7 13 
15 1 14 5 3 4 10 12 6 11 0 9 8 13 16 7 2 
15 1 14 5 3 4 10 13 6 8 0 9 11 2 16 7 12 
15 1 14 5 3 4 10 13 6 8 0 9 11 12 16 7 2 
15 1 14 5 3 4 10 13 6 11 0 9 8 2 16 7 12 
15 1 14 5 3 4 10 13 6 11 0 9 8 12 16 7 2 
15 1 14 5 3 4 10 13 12 8 0 6 11 2 16 7 9 
15 1 14 5 3 4 10 13 12 8 0 6 11 9 16 7 2 
15 1 14 5 3 4 10 13 12 11 0 6 8 2 16 7 9 
15 1 14 5 3 4 10 13 12 11 0 6 8 9 16 7 2 
15 1 14 5 3 12 10 13 0 8 7 6 11 2 16 4 9 
15 1 14 5 3 12 10 13 0 8 7 6 11 9 16 4 2 
15 1 14 5 3 12 10 13 0 11 7 6 8 2 16 4 9 
15 1 14 5 3 12 10 13 0 11 7 6 8 9 16 4 2 
15 1 14 5 3 16 9 12 0 8 7 6 11 2 10 4 13 
15 1 14 5 3 16 9 12 0 8 7 6 11 13 10 4 2 
15 1 14 5 3 16 9 12 0 8 10 6 11 2 7 4 13 
15 1 14 5 3 16 9 12 0 8 10 6 11 13 7 4 2 
15 1 14 5 3 16 9 12 0 11 7 6 8 2 10 4 13 
15 1 14 5 3 16 9 12 0 11 7 6 8 13 10 4 2 
15 1 14 5 3 16 9 12 0 11 10 6 8 2 7 4 13 
15 1 14 5 3 16 9 12 0 11 10 6 8 13 7 4 2 
15 1 14 5 3 16 9 13 0 8 7 6 11 2 10 4 12 
15 1 14 5 3 16 9 13 0 8 7 6 11 12 10 4 2 
15 1 14 5 3 16 9 13 0 8 10 6 11 2 7 4 12 
15 1 14 5 3 16 9 13 0 8 10 6 11 12 7 4 2 
15 1 14 5 3 16 9 13 0 11 7 6 8 2 10 4 12 
15 1 14 5 3 16 9 13 0 11 7 6 8 12 10 4 2 
15 1 14 5 3 16 9 13 0 11 10 6 8 2 7 4 12 
15 1 14 5 3 16 9 13 0 11 10 6 8 12 7 4 2 
15 1 14 5 3 16 10 12 0 8 7 6 11 2 9 4 13 
15 1 14 5 3 16 10 12 0 8 7 6 11 13 9 4 2 
15 1 14 5 3 16 10 12 0 8 7 9 11 2 6 4 13 
15 1 14 5 3 16 10 12 0 8 7 9 11 13 6 4 2 
15 1 14 5 3 16 10 12 0 11 7 6 8 2 9 4 13 
15 1 14 5 3 16 10 12 0 11 7 6 8 13 9 4 2 
15 1 14 5 3 16 10 12 0 11 7 9 8 2 6 4 13 
15 1 14 5 3 16 10 12 0 11 7 9 8 13 6 4 2 
15 1 14 5 3 16 10 12 6 8 0 9 11 2 7 4 13 
15 1 14 5 3 16 10 12 6 8 0 9 11 13 7 4 2 
15 1 14 5 3 16 10 12 6 11 0 9 8 2 7 4 13 
15 1 14 5 3 16 10 12 6 11 0 9 8 13 7 4 2 
15 1 14 5 3 16 10 13 0 8 7 6 11 2 9 4 12 
15 1 14 5 3 16 10 13 0 8 7 6 11 12 9 4 2 
15 1 14 5 3 16 10 13 0 8 7 9 11 2 6 4 12 
15 1 14 5 3 16 10 13 0 8 7 9 11 12 6 4 2 
15 1 14 5 3 16 10 13 0 11 7 6 8 2 9 4 12 
15 1 14 5 3 16 10 13 0 11 7 6 8 12 9 4 2 
15 1 14 5 3 16 10 13 0 11 7 9 8 2 6 4 12 
15 1 14 5 3 16 10 13 0 11 7 9 8 12 6 4 2 
15 1 14 5 3 16 10 13 6 8 0 9 11 2 7 4 12 
15 1 14 5 3 16 10 13 6 8 0 9 11 12 7 4 2 
15 1 14 5 3 16 10 13 6 11 0 9 8 2 7 4 12 
15 1 14 5 3 16 10 13 6 11 0 9 8 12 7 4 2 
15 1 14 5 3 16 10 13 12 8 0 6 11 2 7 4 9 
15 1 14 5 3 16 10 13 12 8 0 6 11 9 7 4 2 
15 1 14 5 3 16 10 13 12 11 0 6 8 2 7 4 9 
15 1 14 5 3 16 10 13 12 11 0 6 8 9 7 4 2 
15 1 14 5 6 4 10 12 0 8 3 9 11 2 16 7 13 
15 1 14 5 6 4 10 12 0 8 3 9 11 13 16 7 2 
15 1 14 5 6 4 10 12 0 11 3 9 8 2 16 7 13 
15 1 14 5 6 4 10 12 0 11 3 9 8 13 16 7 2 
15 1 14 5 6 4 10 12 3 8 0 9 11 2 16 7 13 
15 1 14 5 6 4 10 12 3 8 0 9 11 13 16 7 2 
15 1 14 5 6 4 10 12 3 11 0 9 8 2 16 7 13 
15 1 14 5 6 4 10 12 3 11 0 9 8 13 16 7 2 
15 1 14 5 6 4 10 13 0 8 3 9 11 2 16 7 12 
15 1 14 5 6 4 10 13 0 8 3 9 11 12 16 7 2 
15 1 14 5 6 4 10 13 0 11 3 9 8 2 16 7 12 
15 1 14 5 6 4 10 13 0 11 3 9 8 12 16 7 2 
15 1 14 5 6 4 10 13 3 8 0 9 11 2 16 7 12 
15 1 14 5 6 4 10 13 3 8 0 9 11 12 16 7 2 
15 1 14 5 6 4 10 13 3 11 0 9 8 2 16 7 12 
15 1 14 5 6 4 10 13 3 11 0 9 8 12 16 7 2 
15 1 14 5 6 16 10 12 0 8 3 9 11 2 7 4 13 
15 1 14 5 6 16 10 12 0 8 3 9 11 13 7 4 2 
15 1 14 5 6 16 10 12 0 11 3 9 8 2 7 4 13 
15 1 14 5 6 16 10 12 0 11 3 9 8 13 7 4 2 
15 1 14 5 6 16 10 12 3 8 0 9 11 2 7 4 13 
15 1 14 5 6 16 10 12 3 8 0 9 11 13 7 4 2 
15 1 14 5 6 16 10 12 3 11 0 9 8 2 7 4 13 
15 1 14 5 6 16 10 12 3 11 0 9 8 13 7 4 2 
15 1 14 5 6 16 10 13 0 8 3 9 11 2 7 4 12 
15 1 14 5 6 16 10 13 0 8 3 9 11 12 7 4 2 
15 1 14 5 6 16 10 13 0 11 3 9 8 2 7 4 12 
15 1 14 5 6 16 10 13 0 11 3 9 8 12 7 4 2 
15 1 14 5 6 16 10 13 3 8 0 9 11 2 7 4 12 
15 1 14 5 6 16 10 13 3 8 0 9 11 12 7 4 2 
15 1 14 5 6 16 10 13 3 11 0 9 8 2 7 4 12 
15 1 14 5 6 16 10 13 3 11 0 9 8 12 7 4 2 
15 1 14 5 12 4 10 13 0 8 3 6 11 2 16 7 9 
15 1 14 5 12 4 10 13 0 8 3 6 11 9 16 7 2 
15 1 14 5 12 4 10 13 0 11 3 6 8 2 16 7 9 
15 1 14 5 12 4 10 13 0 11 3 6 8 9 16 7 2 
15 1 14 5 12 4 10 13 3 8 0 6 11 2 16 7 9 
15 1 14 5 12 4 10 13 3 8 0 6 11 9 16 7 2 
15 1 14 5 12 4 10 13 3 11 0 6 8 2 16 7 9 
15 1 14 5 12 4 10 13 3 11 0 6 8 9 16 7 2 
15 1 14 5 12 16 10 13 0 8 3 6 11 2 7 4 9 
15 1 14 5 12 16 10 13 0 8 3 6 11 9 7 4 2 
15 1 14 5 12 16 10 13 0 11 3 6 8 2 7 4 9 
15 1 14 5 12 16 10 13 0 11 3 6 8 9 7 4 2 
15 1 14 5 12 16 10 13 3 8 0 6 11 2 7 4 9 
15 1 14 5 12 16 10 13 3 8 0 6 11 9 7 4 2 
15 1 14 5 12 16 10 13 3 11 0 6 8 2 7 4 9 
15 1 14 5 12 16 10 13 3 11 0 6 8 9 7 4 2 
15 6 1 5 0 4 10 12 3 14 7 9 11 2 16 8 13 
15 6 1 5 0 4 10 12 3 14 7 9 11 13 16 8 2 
15 6 1 5 0 4 10 12 8 14 3 9 11 2 16 7 13 
15 6 1 5 0 4 10 12 8 14 3 9 11 13 16 7 2 
15 6 1 5 0 4 10 13 3 14 7 9 11 2 16 8 12 
15 6 1 5 0 4 10 13 3 14 7 9 11 12 16 8 2 
15 6 1 5 0 4 10 13 8 14 3 9 11 2 16 7 12 
15 6 1 5 0 4 10 13 8 14 3 9 11 12 16 7 2 
15 6 1 5 0 16 10 12 3 14 7 9 8 2 11 4 13 
15 6 1 5 0 16 10 12 3 14 7 9 8 13 11 4 2 
15 6 1 5 0 16 10 12 3 14 7 9 11 2 8 4 13 
15 6 1 5 0 16 10 12 3 14 7 9 11 13 8 4 2 
15 6 1 5 0 16 10 12 8 14 3 9 11 2 7 4 13 
15 6 1 5 0 16 10 12 8 14 3 9 11 13 7 4 2 
15 6 1 5 0 16 10 13 3 14 7 9 8 2 11 4 12 
15 6 1 5 0 16 10 13 3 14 7 9 8 12 11 4 2 
15 6 1 5 0 16 10 13 3 14 7 9 11 2 8 4 12 
15 6 1 5 0 16 10 13 3 14 7 9 11 12 8 4 2 
15 6 1 5 0 16 10 13 8 14 3 9 11 2 7 4 12 
15 6 1 5 0 16 10 13 8 14 3 9 11 12 7 4 2 
15 6 1 5 3 4 10 12 0 14 7 9 11 2 16 8 13 
15 6 1 5 3 4 10 12 0 14 7 9 11 13 16 8 2 
15 6 1 5 3 4 10 12 8 14 0 9 11 2 16 7 13 
15 6 1 5 3 4 10 12 8 14 0 9 11 13 16 7 2 
15 6 1 5 3 4 10 13 0 14 7 9 11 2 16 8 12 
15 6 1 5 3 4 10 13 0 14 7 9 11 12 16 8 2 
15 6 1 5 3 4 10 13 8 14 0 9 11 2 16 7 12 
15 6 1 5 3 4 10 13 8 14 0 9 11 12 16 7 2 
15 6 1 5 3 16 10 12 0 14 7 9 8 2 11 4 13 
15 6 1 5 3 16 10 12 0 14 7 9 8 13 11 4 2 
15 6 1 5 3 16 10 12 0 14 7 9 11 2 8 4 13 
15 6 1 5 3 16 10 12 0 14 7 9 11 13 8 4 2 
15 6 1 5 3 16 10 12 8 14 0 9 11 2 7 4 13 
15 6 1 5 3 16 10 12 8 14 0 9 11 13 7 4 2 
15 6 1 5 3 16 10 13 0 14 7 9 8 2 11 4 12 
15 6 1 5 3 16 10 13 0 14 7 9 8 12 11 4 2 
15 6 1 5 3 16 10 13 0 14 7 9 11 2 8 4 12 
15 6 1 5 3 16 10 13 0 14 7 9 11 12 8 4 2 
15 6 1 5 3 16 10 13 8 14 0 9 11 2 7 4 12 
15 6 1 5 3 16 10 13 8 14 0 9 11 12 7 4 2 
15 6 1 5 8 4 10 12 0 14 3 9 11 2 16 7 13 
15 6 1 5 8 4 10 12 0 14 3 9 11 13 16 7 2 
15 6 1 5 8 4 10 12 3 14 0 9 11 2 16 7 13 
15 6 1 5 8 4 10 12 3 14 0 9 11 13 16 7 2 
15 6 1 5 8 4 10 13 0 14 3 9 11 2 16 7 12 
15 6 1 5 8 4 10 13 0 14 3 9 11 12 16 7 2 
15 6 1 5 8 4 10 13 3 14 0 9 11 2 16 7 12 
15 6 1 5 8 4 10 13 3 14 0 9 11 12 16 7 2 
15 6 1 5 8 16 10 12 0 14 3 9 11 2 7 4 13 
15 6 1 5 8 16 10 12 0 14 3 9 11 13 7 4 2 
15 6 1 5 8 16 10 12 3 14 0 9 11 2 7 4 13 
15 6 1 5 8 16 10 12 3 14 0 9 11 13 7 4 2 
15 6 1 5 8 16 10 13 0 14 3 9 11 2 7 4 12 
15 6 1 5 8 16 10 13 0 14 3 9 11 12 7 4 2 
15 6 1 5 8 16 10 13 3 14 0 9 11 2 7 4 12 
15 6 1 5 8 16 10 13 3 14 0 9 11 12 7 4 2 
15 6 8 5 0 4 9 12 3 14 7 1 11 2 16 10 13 
15 6 8 5 0 4 9 12 3 14 7 1 11 13 16 10 2 
15 6 8 5 0 4 9 12 3 14 10 1 11 2 16 7 13 
15 6 8 5 0 4 9 12 3 14 10 1 11 13 16 7 2 
15 6 8 5 0 4 9 13 3 14 7 1 11 2 16 10 12 
15 6 8 5 0 4 9 13 3 14 7 1 11 12 16 10 2 
15 6 8 5 0 4 9 13 3 14 10 1 11 2 16 7 12 
15 6 8 5 0 4 9 13 3 14 10 1 11 12 16 7 2 
15 6 8 5 0 4 10 13 12 14 3 1 11 2 16 7 9 
15 6 8 5 0 4 10 13 12 14 3 1 11 9 16 7 2 
15 6 8 5 0 12 10 13 3 14 7 1 11 2 16 4 9 
15 6 8 5 0 12 10 13 3 14 7 1 11 9 16 4 2 
15 6 8 5 0 16 9 12 3 14 7 1 11 2 10 4 13 
15 6 8 5 0 16 9 12 3 14 7 1 11 13 10 4 2 
15 6 8 5 0 16 9 12 3 14 10 1 11 2 7 4 13 
15 6 8 5 0 16 9 12 3 14 10 1 11 13 7 4 2 
15 6 8 5 0 16 9 13 3 14 7 1 11 2 10 4 12 
15 6 8 5 0 16 9 13 3 14 7 1 11 12 10 4 2 
15 6 8 5 0 16 9 13 3 14 10 1 11 2 7 4 12 
15 6 8 5 0 16 9 13 3 14 10 1 11 12 7 4 2 
15 6 8 5 0 16 10 12 3 14 7 1 11 2 9 4 13 
15 6 8 5 0 16 10 12 3 14 7 1 11 13 9 4 2 
15 6 8 5 0 16 10 13 3 14 7 1 11 2 9 4 12 
15 6 8 5 0 16 10 13 3 14 7 1 11 12 9 4 2 
15 6 8 5 0 16 10 13 12 14 3 1 11 2 7 4 9 
15 6 8 5 0 16 10 13 12 14 3 1 11 9 7 4 2 
15 6 8 5 3 4 9 12 0 14 7 1 11 2 16 10 13 
15 6 8 5 3 4 9 12 0 14 7 1 11 13 16 10 2 
15 6 8 5 3 4 9 12 0 14 10 1 11 2 16 7 13 
15 6 8 5 3 4 9 12 0 14 10 1 11 13 16 7 2 
15 6 8 5 3 4 9 13 0 14 7 1 11 2 16 10 12 
15 6 8 5 3 4 9 13 0 14 7 1 11 12 16 10 2 
15 6 8 5 3 4 9 13 0 14 10 1 11 2 16 7 12 
15 6 8 5 3 4 9 13 0 14 10 1 11 12 16 7 2 
15 6 8 5 3 4 10 13 12 14 0 1 11 2 16 7 9 
15 6 8 5 3 4 10 13 12 14 0 1 11 9 16 7 2 
15 6 8 5 3 12 10 13 0 14 7 1 11 2 16 4 9 
15 6 8 5 3 12 10 13 0 14 7 1 11 9 16 4 2 
15 6 8 5 3 16 9 12 0 14 7 1 11 2 10 4 13 
15 6 8 5 3 16 9 12 0 14 7 1 11 13 10 4 2 
15 6 8 5 3 16 9 12 0 14 10 1 11 2 7 4 13 
15 6 8 5 3 16 9 12 0 14 10 1 11 13 7 4 2 
15 6 8 5 3 16 9 13 0 14 7 1 11 2 10 4 12 
15 6 8 5 3 16 9 13 0 14 7 1 11 12 10 4 2 
15 6 8 5 3 16 9 13 0 14 10 1 11 2 7 4 12 
15 6 8 5 3 16 9 13 0 14 10 1 11 12 7 4 2 
15 6 8 5 3 16 10 12 0 14 7 1 11 2 9 4 13 
15 6 8 5 3 16 10 12 0 14 7 1 11 13 9 4 2 
15 6 8 5 3 16 10 13 0 14 7 1 11 2 9 4 12 
15 6 8 5 3 16 10 13 0 14 7 1 11 12 9 4 2 
15 6 8 5 3 16 10 13 12 14 0 1 11 2 7 4 9 
15 6 8 5 3 16 10 13 12 14 0 1 11 9 7 4 2 
15 6 8 5 12 4 10 13 0 14 3 1 11 2 16 7 9 
15 6 8 5 12 4 10 13 0 14 3 1 11 9 16 7 2 
15 6 8 5 12 4 10 13 3 14 0 1 11 2 16 7 9 
15 6 8 5 12 4 10 13 3 14 0 1 11 9 16 7 2 
15 6 8 5 12 16 10 13 0 14 3 1 11 2 7 4 9 
15 6 8 5 12 16 10 13 0 14 3 1 11 9 7 4 2 
15 6 8 5 12 16 10 13 3 14 0 1 11 2 7 4 9 
15 6 8 5 12 16 10 13 3 14 0 1 11 9 7 4 2 
15 6 11 5 0 4 9 12 3 14 7 1 8 2 16 10 13 
15 6 11 5 0 4 9 12 3 14 7 1 8 13 16 10 2 
15 6 11 5 0 4 9 12 3 14 10 1 8 2 16 7 13 
15 6 11 5 0 4 9 12 3 14 10 1 8 13 16 7 2 
15 6 11 5 0 4 9 13 3 14 7 1 8 2 16 10 12 
15 6 11 5 0 4 9 13 3 14 7 1 8 12 16 10 2 
15 6 11 5 0 4 9 13 3 14 10 1 8 2 16 7 12 
15 6 11 5 0 4 9 13 3 14 10 1 8 12 16 7 2 
15 6 11 5 0 4 10 13 12 14 3 1 8 2 16 7 9 
15 6 11 5 0 4 10 13 12 14 3 1 8 9 16 7 2 
15 6 11 5 0 12 10 13 3 14 7 1 8 2 16 4 9 
15 6 11 5 0 12 10 13 3 14 7 1 8 9 16 4 2 
15 6 11 5 0 16 9 12 3 14 7 1 8 2 10 4 13 
15 6 11 5 0 16 9 12 3 14 7 1 8 13 10 4 2 
15 6 11 5 0 16 9 12 3 14 10 1 8 2 7 4 13 
15 6 11 5 0 16 9 12 3 14 10 1 8 13 7 4 2 
15 6 11 5 0 16 9 13 3 14 7 1 8 2 10 4 12 
15 6 11 5 0 16 9 13 3 14 7 1 8 12 10 4 2 
15 6 11 5 0 16 9 13 3 14 10 1 8 2 7 4 12 
15 6 11 5 0 16 9 13 3 14 10 1 8 12 7 4 2 
15 6 11 5 0 16 10 12 3 14 7 1 8 2 9 4 13 
15 6 11 5 0 16 10 12 3 14 7 1 8 13 9 4 2 
15 6 11 5 0 16 10 13 3 14 7 1 8 2 9 4 12 
15 6 11 5 0 16 10 13 3 14 7 1 8 12 9 4 2 
15 6 11 5 0 16 10 13 12 14 3 1 8 2 7 4 9 
15 6 11 5 0 16 10 13 12 14 3 1 8 9 7 4 2 
15 6 11 5 3 4 9 12 0 14 7 1 8 2 16 10 13 
15 6 11 5 3 4 9 12 0 14 7 1 8 13 16 10 2 
15 6 11 5 3 4 9 12 0 14 10 1 8 2 16 7 13 
15 6 11 5 3 4 9 12 0 14 10 1 8 13 16 7 2 
15 6 11 5 3 4 9 13 0 14 7 1 8 2 16 10 12 
15 6 11 5 3 4 9 13 0 14 7 1 8 12 16 10 2 
15 6 11 5 3 4 9 13 0 14 10 1 8 2 16 7 12 
15 6 11 5 3 4 9 13 0 14 10 1 8 12 16 7 2 
15 6 11 5 3 4 10 13 12 14 0 1 8 2 16 7 9 
15 6 11 5 3 4 10 13 12 14 0 1 8 9 16 7 2 
15 6 11 5 3 12 10 13 0 14 7 1 8 2 16 4 9 
15 6 11 5 3 12 10 13 0 14 7 1 8 9 16 4 2 
15 6 11 5 3 16 9 12 0 14 7 1 8 2 10 4 13 
15 6 11 5 3 16 9 12 0 14 7 1 8 13 10 4 2 
15 6 11 5 3 16 9 12 0 14 10 1 8 2 7 4 13 
15 6 11 5 3 16 9 12 0 14 10 1 8 13 7 4 2 
15 6 11 5 3 16 9 13 0 14 7 1 8 2 10 4 12 
15 6 11 5 3 16 9 13 0 14 7 1 8 12 10 4 2 
15 6 11 5 3 16 9 13 0 14 10 1 8 2 7 4 12 
15 6 11 5 3 16 9 13 0 14 10 1 8 12 7 4 2 
15 6 11 5 3 16 10 12 0 14 7 1 8 2 9 4 13 
15 6 11 5 3 16 10 12 0 14 7 1 8 13 9 4 2 
15 6 11 5 3 16 10 13 0 14 7 1 8 2 9 4 12 
15 6 11 5 3 16 10 13 0 14 7 1 8 12 9 4 2 
15 6 11 5 3 16 10 13 12 14 0 1 8 2 7 4 9 
15 6 11 5 3 16 10 13 12 14 0 1 8 9 7 4 2 
15 6 11 5 12 4 10 13 0 14 3 1 8 2 16 7 9 
15 6 11 5 12 4 10 13 0 14 3 1 8 9 16 7 2 
15 6 11 5 12 4 10 13 3 14 0 1 8 2 16 7 9 
15 6 11 5 12 4 10 13 3 14 0 1 8 9 16 7 2 
15 6 11 5 12 16 10 13 0 14 3 1 8 2 7 4 9 
15 6 11 5 12 16 10 13 0 14 3 1 8 9 7 4 2 
15 6 11 5 12 16 10 13 3 14 0 1 8 2 7 4 9 
15 6 11 5 12 16 10 13 3 14 0 1 8 9 7 4 2 
15 6 14 5 0 4 9 12 3 8 7 1 11 2 16 10 13 
15 6 14 5 0 4 9 12 3 8 7 1 11 13 16 10 2 
15 6 14 5 0 4 9 12 3 8 10 1 11 2 16 7 13 
15 6 14 5 0 4 9 12 3 8 10 1 11 13 16 7 2 
15 6 14 5 0 4 9 12 3 11 7 1 8 2 16 10 13 
15 6 14 5 0 4 9 12 3 11 7 1 8 13 16 10 2 
15 6 14 5 0 4 9 12 3 11 10 1 8 2 16 7 13 
15 6 14 5 0 4 9 12 3 11 10 1 8 13 16 7 2 
15 6 14 5 0 4 9 13 3 8 7 1 11 2 16 10 12 
15 6 14 5 0 4 9 13 3 8 7 1 11 12 16 10 2 
15 6 14 5 0 4 9 13 3 8 10 1 11 2 16 7 12 
15 6 14 5 0 4 9 13 3 8 10 1 11 12 16 7 2 
15 6 14 5 0 4 9 13 3 11 7 1 8 2 16 10 12 
15 6 14 5 0 4 9 13 3 11 7 1 8 12 16 10 2 
15 6 14 5 0 4 9 13 3 11 10 1 8 2 16 7 12 
15 6 14 5 0 4 9 13 3 11 10 1 8 12 16 7 2 
15 6 14 5 0 4 10 12 3 1 7 9 11 2 16 8 13 
15 6 14 5 0 4 10 12 3 1 7 9 11 13 16 8 2 
15 6 14 5 0 4 10 12 8 1 3 9 11 2 16 7 13 
15 6 14 5 0 4 10 12 8 1 3 9 11 13 16 7 2 
15 6 14 5 0 4 10 13 3 1 7 9 11 2 16 8 12 
15 6 14 5 0 4 10 13 3 1 7 9 11 12 16 8 2 
15 6 14 5 0 4 10 13 8 1 3 9 11 2 16 7 12 
15 6 14 5 0 4 10 13 8 1 3 9 11 12 16 7 2 
15 6 14 5 0 4 10 13 12 8 3 1 11 2 16 7 9 
15 6 14 5 0 4 10 13 12 8 3 1 11 9 16 7 2 
15 6 14 5 0 4 10 13 12 11 3 1 8 2 16 7 9 
15 6 14 5 0 4 10 13 12 11 3 1 8 9 16 7 2 
15 6 14 5 0 12 10 13 3 8 7 1 11 2 16 4 9 
15 6 14 5 0 12 10 13 3 8 7 1 11 9 16 4 2 
15 6 14 5 0 12 10 13 3 11 7 1 8 2 16 4 9 
15 6 14 5 0 12 10 13 3 11 7 1 8 9 16 4 2 
15 6 14 5 0 16 9 12 3 8 7 1 11 2 10 4 13 
15 6 14 5 0 16 9 12 3 8 7 1 11 13 10 4 2 
15 6 14 5 0 16 9 12 3 8 10 1 11 2 7 4 13 
15 6 14 5 0 16 9 12 3 8 10 1 11 13 7 4 2 
15 6 14 5 0 16 9 12 3 11 7 1 8 2 10 4 13 
15 6 14 5 0 16 9 12 3 11 7 1 8 13 10 4 2 
15 6 14 5 0 16 9 12 3 11 10 1 8 2 7 4 13 
15 6 14 5 0 16 9 12 3 11 10 1 8 13 7 4 2 
15 6 14 5 0 16 9 13 3 8 7 1 11 2 10 4 12 
15 6 14 5 0 16 9 13 3 8 7 1 11 12 10 4 2 
15 6 14 5 0 16 9 13 3 8 10 1 11 2 7 4 12 
15 6 14 5 0 16 9 13 3 8 10 1 11 12 7 4 2 
15 6 14 5 0 16 9 13 3 11 7 1 8 2 10 4 12 
15 6 14 5 0 16 9 13 3 11 7 1 8 12 10 4 2 
15 6 14 5 0 16 9 13 3 11 10 1 8 2 7 4 12 
15 6 14 5 0 16 9 13 3 11 10 1 8 12 7 4 2 
15 6 14 5 0 16 10 12 3 1 7 9 8 2 11 4 13 
15 6 14 5 0 16 10 12 3 1 7 9 8 13 11 4 2 
15 6 14 5 0 16 10 12 3 1 7 9 11 2 8 4 13 
15 6 14 5 0 16 10 12 3 1 7 9 11 13 8 4 2 
15 6 14 5 0 16 10 12 3 8 7 1 11 2 9 4 13 
15 6 14 5 0 16 10 12 3 8 7 1 11 13 9 4 2 
15 6 14 5 0 16 10 12 3 11 7 1 8 2 9 4 13 
15 6 14 5 0 16 10 12 3 11 7 1 8 13 9 4 2 
15 6 14 5 0 16 10 12 8 1 3 9 11 2 7 4 13 
15 6 14 5 0 16 10 12 8 1 3 9 11 13 7 4 2 
15 6 14 5 0 16 10 13 3 1 7 9 8 2 11 4 12 
15 6 14 5 0 16 10 13 3 1 7 9 8 12 11 4 2 
15 6 14 5 0 16 10 13 3 1 7 9 11 2 8 4 12 
15 6 14 5 0 16 10 13 3 1 7 9 11 12 8 4 2 
15 6 14 5 0 16 10 13 3 8 7 1 11 2 9 4 12 
15 6 14 5 0 16 10 13 3 8 7 1 11 12 9 4 2 
15 6 14 5 0 16 10 13 3 11 7 1 8 2 9 4 12 
15 6 14 5 0 16 10 13 3 11 7 1 8 12 9 4 2 
15 6 14 5 0 16 10 13 8 1 3 9 11 2 7 4 12 
15 6 14 5 0 16 10 13 8 1 3 9 11 12 7 4 2 
15 6 14 5 0 16 10 13 12 8 3 1 11 2 7 4 9 
15 6 14 5 0 16 10 13 12 8 3 1 11 9 7 4 2 
15 6 14 5 0 16 10 13 12 11 3 1 8 2 7 4 9 
15 6 14 5 0 16 10 13 12 11 3 1 8 9 7 4 2 
15 6 14 5 3 4 9 12 0 8 7 1 11 2 16 10 13 
15 6 14 5 3 4 9 12 0 8 7 1 11 13 16 10 2 
15 6 14 5 3 4 9 12 0 8 10 1 11 2 16 7 13 
15 6 14 5 3 4 9 12 0 8 10 1 11 13 16 7 2 
15 6 14 5 3 4 9 12 0 11 7 1 8 2 16 10 13 
15 6 14 5 3 4 9 12 0 11 7 1 8 13 16 10 2 
15 6 14 5 3 4 9 12 0 11 10 1 8 2 16 7 13 
15 6 14 5 3 4 9 12 0 11 10 1 8 13 16 7 2 
15 6 14 5 3 4 9 13 0 8 7 1 11 2 16 10 12 
15 6 14 5 3 4 9 13 0 8 7 1 11 12 16 10 2 
15 6 14 5 3 4 9 13 0 8 10 1 11 2 16 7 12 
15 6 14 5 3 4 9 13 0 8 10 1 11 12 16 7 2 
15 6 14 5 3 4 9 13 0 11 7 1 8 2 16 10 12 
15 6 14 5 3 4 9 13 0 11 7 1 8 12 16 10 2 
15 6 14 5 3 4 9 13 0 11 10 1 8 2 16 7 12 
15 6 14 5 3 4 9 13 0 11 10 1 8 12 16 7 2 
15 6 14 5 3 4 10 12 0 1 7 9 11 2 16 8 13 
15 6 14 5 3 4 10 12 0 1 7 9 11 13 16 8 2 
15 6 14 5 3 4 10 12 8 1 0 9 11 2 16 7 13 
15 6 14 5 3 4 10 12 8 1 0 9 11 13 16 7 2 
15 6 14 5 3 4 10 13 0 1 7 9 11 2 16 8 12 
15 6 14 5 3 4 10 13 0 1 7 9 11 12 16 8 2 
15 6 14 5 3 4 10 13 8 1 0 9 11 2 16 7 12 
15 6 14 5 3 4 10 13 8 1 0 9 11 12 16 7 2 
15 6 14 5 3 4 10 13 12 8 0 1 11 2 16 7 9 
15 6 14 5 3 4 10 13 12 8 0 1 11 9 16 7 2 
15 6 14 5 3 4 10 13 12 11 0 1 8 2 16 7 9 
15 6 14 5 3 4 10 13 12 11 0 1 8 9 16 7 2 
15 6 14 5 3 12 10 13 0 8 7 1 11 2 16 4 9 
15 6 14 5 3 12 10 13 0 8 7 1 11 9 16 4 2 
15 6 14 5 3 12 10 13 0 11 7 1 8 2 16 4 9 
15 6 14 5 3 12 10 13 0 11 7 1 8 9 16 4 2 
15 6 14 5 3 16 9 12 0 8 7 1 11 2 10 4 13 
15 6 14 5 3 16 9 12 0 8 7 1 11 13 10 4 2 
15 6 14 5 3 16 9 12 0 8 10 1 11 2 7 4 13 
15 6 14 5 3 16 9 12 0 8 10 1 11 13 7 4 2 
15 6 14 5 3 16 9 12 0 11 7 1 8 2 10 4 13 
15 6 14 5 3 16 9 12 0 11 7 1 8 13 10 4 2 
15 6 14 5 3 16 9 12 0 11 10 1 8 2 7 4 13 
15 6 14 5 3 16 9 12 0 11 10 1 8 13 7 4 2 
15 6 14 5 3 16 9 13 0 8 7 1 11 2 10 4 12 
15 6 14 5 3 16 9 13 0 8 7 1 11 12 10 4 2 
15 6 14 5 3 16 9 13 0 8 10 1 11 2 7 4 12 
15 6 14 5 3 16 9 13 0 8 10 1 11 12 7 4 2 
15 6 14 5 3 16 9 13 0 11 7 1 8 2 10 4 12 
15 6 14 5 3 16 9 13 0 11 7 1 8 12 10 4 2 
15 6 14 5 3 16 9 13 0 11 10 1 8 2 7 4 12 
15 6 14 5 3 16 9 13 0 11 10 1 8 12 7 4 2 
15 6 14 5 3 16 10 12 0 1 7 9 8 2 11 4 13 
15 6 14 5 3 16 10 12 0 1 7 9 8 13 11 4 2 
15 6 14 5 3 16 10 12 0 1 7 9 11 2 8 4 13 
15 6 14 5 3 16 10 12 0 1 7 9 11 13 8 4 2 
15 6 14 5 3 16 10 12 0 8 7 1 11 2 9 4 13 
15 6 14 5 3 16 10 12 0 8 7 1 11 13 9 4 2 
15 6 14 5 3 16 10 12 0 11 7 1 8 2 9 4 13 
15 6 14 5 3 16 10 12 0 11 7 1 8 13 9 4 2 
15 6 14 5 3 16 10 12 8 1 0 9 11 2 7 4 13 
15 6 14 5 3 16 10 12 8 1 0 9 11 13 7 4 2 
15 6 14 5 3 16 10 13 0 1 7 9 8 2 11 4 12 
15 6 14 5 3 16 10 13 0 1 7 9 8 12 11 4 2 
15 6 14 5 3 16 10 13 0 1 7 9 11 2 8 4 12 
15 6 14 5 3 16 10 13 0 1 7 9 11 12 8 4 2 
15 6 14 5 3 16 10 13 0 8 7 1 11 2 9 4 12 
15 6 14 5 3 16 10 13 0 8 7 1 11 12 9 4 2 
15 6 14 5 3 16 10 13 0 11 7 1 8 2 9 4 12 
15 6 14 5 3 16 10 13 0 11 7 1 8 12 9 4 2 
15 6 14 5 3 16 10 13 8 1 0 9 11 2 7 4 12 
15 6 14 5 3 16 10 13 8 1 0 9 11 12 7 4 2 
15 6 14 5 3 16 10 13 12 8 0 1 11 2 7 4 9 
15 6 14 5 3 16 10 13 12 8 0 1 11 9 7 4 2 
15 6 14 5 3 16 10 13 12 11 0 1 8 2 7 4 9 
15 6 14 5 3 16 10 13 12 11 0 1 8 9 7 4 2 
15 6 14 5 8 4 10 12 0 1 3 9 11 2 16 7 13 
15 6 14 5 8 4 10 12 0 1 3 9 11 13 16 7 2 
15 6 14 5 8 4 10 12 3 1 0 9 11 2 16 7 13 
15 6 14 5 8 4 10 12 3 1 0 9 11 13 16 7 2 
15 6 14 5 8 4 10 13 0 1 3 9 11 2 16 7 12 
15 6 14 5 8 4 10 13 0 1 3 9 11 12 16 7 2 
15 6 14 5 8 4 10 13 3 1 0 9 11 2 16 7 12 
15 6 14 5 8 4 10 13 3 1 0 9 11 12 16 7 2 
15 6 14 5 8 16 10 12 0 1 3 9 11 2 7 4 13 
15 6 14 5 8 16 10 12 0 1 3 9 11 13 7 4 2 
15 6 14 5 8 16 10 12 3 1 0 9 11 2 7 4 13 
15 6 14 5 8 16 10 12 3 1 0 9 11 13 7 4 2 
15 6 14 5 8 16 10 13 0 1 3 9 11 2 7 4 12 
15 6 14 5 8 16 10 13 0 1 3 9 11 12 7 4 2 
15 6 14 5 8 16 10 13 3 1 0 9 11 2 7 4 12 
15 6 14 5 8 16 10 13 3 1 0 9 11 12 7 4 2 
15 6 14 5 12 4 10 13 0 8 3 1 11 2 16 7 9 
15 6 14 5 12 4 10 13 0 8 3 1 11 9 16 7 2 
15 6 14 5 12 4 10 13 0 11 3 1 8 2 16 7 9 
15 6 14 5 12 4 10 13 0 11 3 1 8 9 16 7 2 
15 6 14 5 12 4 10 13 3 8 0 1 11 2 16 7 9 
15 6 14 5 12 4 10 13 3 8 0 1 11 9 16 7 2 
15 6 14 5 12 4 10 13 3 11 0 1 8 2 16 7 9 
15 6 14 5 12 4 10 13 3 11 0 1 8 9 16 7 2 
15 6 14 5 12 16 10 13 0 8 3 1 11 2 7 4 9 
15 6 14 5 12 16 10 13 0 8 3 1 11 9 7 4 2 
15 6 14 5 12 16 10 13 0 11 3 1 8 2 7 4 9 
15 6 14 5 12 16 10 13 0 11 3 1 8 9 7 4 2 
15 6 14 5 12 16 10 13 3 8 0 1 11 2 7 4 9 
15 6 14 5 12 16 10 13 3 8 0 1 11 9 7 4 2 
15 6 14 5 12 16 10 13 3 11 0 1 8 2 7 4 9 
15 6 14 5 12 16 10 13 3 11 0 1 8 9 7 4 2 
15 9 1 5 0 4 10 12 3 14 7 6 11 2 16 8 13 
15 9 1 5 0 4 10 12 3 14 7 6 11 13 16 8 2 
15 9 1 5 0 4 10 12 8 14 3 6 11 2 16 7 13 
15 9 1 5 0 4 10 12 8 14 3 6 11 13 16 7 2 
15 9 1 5 0 4 10 13 3 14 7 6 11 2 16 8 12 
15 9 1 5 0 4 10 13 3 14 7 6 11 12 16 8 2 
15 9 1 5 0 4 10 13 8 14 3 6 11 2 16 7 12 
15 9 1 5 0 4 10 13 8 14 3 6 11 12 16 7 2 
15 9 1 5 0 16 10 12 3 14 7 6 8 2 11 4 13 
15 9 1 5 0 16 10 12 3 14 7 6 8 13 11 4 2 
15 9 1 5 0 16 10 12 3 14 7 6 11 2 8 4 13 
15 9 1 5 0 16 10 12 3 14 7 6 11 13 8 4 2 
15 9 1 5 0 16 10 12 8 14 3 6 11 2 7 4 13 
15 9 1 5 0 16 10 12 8 14 3 6 11 13 7 4 2 
15 9 1 5 0 16 10 13 3 14 7 6 8 2 11 4 12 
15 9 1 5 0 16 10 13 3 14 7 6 8 12 11 4 2 
15 9 1 5 0 16 10 13 3 14 7 6 11 2 8 4 12 
15 9 1 5 0 16 10 13 3 14 7 6 11 12 8 4 2 
15 9 1 5 0 16 10 13 8 14 3 6 11 2 7 4 12 
15 9 1 5 0 16 10 13 8 14 3 6 11 12 7 4 2 
15 9 1 5 3 4 10 12 0 14 7 6 11 2 16 8 13 
15 9 1 5 3 4 10 12 0 14 7 6 11 13 16 8 2 
15 9 1 5 3 4 10 12 8 14 0 6 11 2 16 7 13 
15 9 1 5 3 4 10 12 8 14 0 6 11 13 16 7 2 
15 9 1 5 3 4 10 13 0 14 7 6 11 2 16 8 12 
15 9 1 5 3 4 10 13 0 14 7 6 11 12 16 8 2 
15 9 1 5 3 4 10 13 8 14 0 6 11 2 16 7 12 
15 9 1 5 3 4 10 13 8 14 0 6 11 12 16 7 2 
15 9 1 5 3 16 10 12 0 14 7 6 8 2 11 4 13 
15 9 1 5 3 16 10 12 0 14 7 6 8 13 11 4 2 
15 9 1 5 3 16 10 12 0 14 7 6 11 2 8 4 13 
15 9 1 5 3 16 10 12 0 14 7 6 11 13 8 4 2 
15 9 1 5 3 16 10 12 8 14 0 6 11 2 7 4 13 
15 9 1 5 3 16 10 12 8 14 0 6 11 13 7 4 2 
15 9 1 5 3 16 10 13 0 14 7 6 8 2 11 4 12 
15 9 1 5 3 16 10 13 0 14 7 6 8 12 11 4 2 
15 9 1 5 3 16 10 13 0 14 7 6 11 2 8 4 12 
15 9 1 5 3 16 10 13 0 14 7 6 11 12 8 4 2 
15 9 1 5 3 16 10 13 8 14 0 6 11 2 7 4 12 
15 9 1 5 3 16 10 13 8 14 0 6 11 12 7 4 2 
15 9 1 5 8 4 10 12 0 14 3 6 11 2 16 7 13 
15 9 1 5 8 4 10 12 0 14 3 6 11 13 16 7 2 
15 9 1 5 8 4 10 12 3 14 0 6 11 2 16 7 13 
15 9 1 5 8 4 10 12 3 14 0 6 11 13 16 7 2 
15 9 1 5 8 4 10 13 0 14 3 6 11 2 16 7 12 
15 9 1 5 8 4 10 13 0 14 3 6 11 12 16 7 2 
15 9 1 5 8 4 10 13 3 14 0 6 11 2 16 7 12 
15 9 1 5 8 4 10 13 3 14 0 6 11 12 16 7 2 
15 9 1 5 8 16 10 12 0 14 3 6 11 2 7 4 13 
15 9 1 5 8 16 10 12 0 14 3 6 11 13 7 4 2 
15 9 1 5 8 16 10 12 3 14 0 6 11 2 7 4 13 
15 9 1 5 8 16 10 12 3 14 0 6 11 13 7 4 2 
15 9 1 5 8 16 10 13 0 14 3 6 11 2 7 4 12 
15 9 1 5 8 16 10 13 0 14 3 6 11 12 7 4 2 
15 9 1 5 8 16 10 13 3 14 0 6 11 2 7 4 12 
15 9 1 5 8 16 10 13 3 14 0 6 11 12 7 4 2 
15 9 8 5 0 4 10 12 6 14 3 1 11 2 16 7 13 
15 9 8 5 0 4 10 12 6 14 3 1 11 13 16 7 2 
15 9 8 5 0 4 10 13 6 14 3 1 11 2 16 7 12 
15 9 8 5 0 4 10 13 6 14 3 1 11 12 16 7 2 
15 9 8 5 0 16 10 12 3 14 7 1 11 2 6 4 13 
15 9 8 5 0 16 10 12 3 14 7 1 11 13 6 4 2 
15 9 8 5 0 16 10 12 6 14 3 1 11 2 7 4 13 
15 9 8 5 0 16 10 12 6 14 3 1 11 13 7 4 2 
15 9 8 5 0 16 10 13 3 14 7 1 11 2 6 4 12 
15 9 8 5 0 16 10 13 3 14 7 1 11 12 6 4 2 
15 9 8 5 0 16 10 13 6 14 3 1 11 2 7 4 12 
15 9 8 5 0 16 10 13 6 14 3 1 11 12 7 4 2 
15 9 8 5 3 4 10 12 6 14 0 1 11 2 16 7 13 
15 9 8 5 3 4 10 12 6 14 0 1 11 13 16 7 2 
15 9 8 5 3 4 10 13 6 14 0 1 11 2 16 7 12 
15 9 8 5 3 4 10 13 6 14 0 1 11 12 16 7 2 
15 9 8 5 3 16 10 12 0 14 7 1 11 2 6 4 13 
15 9 8 5 3 16 10 12 0 14 7 1 11 13 6 4 2 
15 9 8 5 3 16 10 12 6 14 0 1 11 2 7 4 13 
15 9 8 5 3 16 10 12 6 14 0 1 11 13 7 4 2 
15 9 8 5 3 16 10 13 0 14 7 1 11 2 6 4 12 
15 9 8 5 3 16 10 13 0 14 7 1 11 12 6 4 2 
15 9 8 5 3 16 10 13 6 14 0 1 11 2 7 4 12 
15 9 8 5 3 16 10 13 6 14 0 1 11 12 7 4 2 
15 9 8 5 6 4 10 12 0 14 3 1 11 2 16 7 13 
15 9 8 5 6 4 10 12 0 14 3 1 11 13 16 7 2 
15 9 8 5 6 4 10 12 3 14 0 1 11 2 16 7 13 
15 9 8 5 6 4 10 12 3 14 0 1 11 13 16 7 2 
15 9 8 5 6 4 10 13 0 14 3 1 11 2 16 7 12 
15 9 8 5 6 4 10 13 0 14 3 1 11 12 16 7 2 
15 9 8 5 6 4 10 13 3 14 0 1 11 2 16 7 12 
15 9 8 5 6 4 10 13 3 14 0 1 11 12 16 7 2 
15 9 8 5 6 16 10 12 0 14 3 1 11 2 7 4 13 
15 9 8 5 6 16 10 12 0 14 3 1 11 13 7 4 2 
15 9 8 5 6 16 10 12 3 14 0 1 11 2 7 4 13 
15 9 8 5 6 16 10 12 3 14 0 1 11 13 7 4 2 
15 9 8 5 6 16 10 13 0 14 3 1 11 2 7 4 12 
15 9 8 5 6 16 10 13 0 14 3 1 11 12 7 4 2 
15 9 8 5 6 16 10 13 3 14 0 1 11 2 7 4 12 
15 9 8 5 6 16 10 13 3 14 0 1 11 12 7 4 2 
15 9 11 5 0 4 10 12 6 14 3 1 8 2 16 7 13 
15 9 11 5 0 4 10 12 6 14 3 1 8 13 16 7 2 
15 9 11 5 0 4 10 13 6 14 3 1 8 2 16 7 12 
15 9 11 5 0 4 10 13 6 14 3 1 8 12 16 7 2 
15 9 11 5 0 16 10 12 3 14 7 1 8 2 6 4 13 
15 9 11 5 0 16 10 12 3 14 7 1 8 13 6 4 2 
15 9 11 5 0 16 10 12 6 14 3 1 8 2 7 4 13 
15 9 11 5 0 16 10 12 6 14 3 1 8 13 7 4 2 
15 9 11 5 0 16 10 13 3 14 7 1 8 2 6 4 12 
15 9 11 5 0 16 10 13 3 14 7 1 8 12 6 4 2 
15 9 11 5 0 16 10 13 6 14 3 1 8 2 7 4 12 
15 9 11 5 0 16 10 13 6 14 3 1 8 12 7 4 2 
15 9 11 5 3 4 10 12 6 14 0 1 8 2 16 7 13 
15 9 11 5 3 4 10 12 6 14 0 1 8 13 16 7 2 
15 9 11 5 3 4 10 13 6 14 0 1 8 2 16 7 12 
15 9 11 5 3 4 10 13 6 14 0 1 8 12 16 7 2 
15 9 11 5 3 16 10 12 0 14 7 1 8 2 6 4 13 
15 9 11 5 3 16 10 12 0 14 7 1 8 13 6 4 2 
15 9 11 5 3 16 10 12 6 14 0 1 8 2 7 4 13 
15 9 11 5 3 16 10 12 6 14 0 1 8 13 7 4 2 
15 9 11 5 3 16 10 13 0 14 7 1 8 2 6 4 12 
15 9 11 5 3 16 10 13 0 14 7 1 8 12 6 4 2 
15 9 11 5 3 16 10 13 6 14 0 1 8 2 7 4 12 
15 9 11 5 3 16 10 13 6 14 0 1 8 12 7 4 2 
15 9 11 5 6 4 10 12 0 14 3 1 8 2 16 7 13 
15 9 11 5 6 4 10 12 0 14 3 1 8 13 16 7 2 
15 9 11 5 6 4 10 12 3 14 0 1 8 2 16 7 13 
15 9 11 5 6 4 10 12 3 14 0 1 8 13 16 7 2 
15 9 11 5 6 4 10 13 0 14 3 1 8 2 16 7 12 
15 9 11 5 6 4 10 13 0 14 3 1 8 12 16 7 2 
15 9 11 5 6 4 10 13 3 14 0 1 8 2 16 7 12 
15 9 11 5 6 4 10 13 3 14 0 1 8 12 16 7 2 
15 9 11 5 6 16 10 12 0 14 3 1 8 2 7 4 13 
15 9 11 5 6 16 10 12 0 14 3 1 8 13 7 4 2 
15 9 11 5 6 16 10 12 3 14 0 1 8 2 7 4 13 
15 9 11 5 6 16 10 12 3 14 0 1 8 13 7 4 2 
15 9 11 5 6 16 10 13 0 14 3 1 8 2 7 4 12 
15 9 11 5 6 16 10 13 0 14 3 1 8 12 7 4 2 
15 9 11 5 6 16 10 13 3 14 0 1 8 2 7 4 12 
15 9 11 5 6 16 10 13 3 14 0 1 8 12 7 4 2 
15 9 14 5 0 4 10 12 3 1 7 6 11 2 16 8 13 
15 9 14 5 0 4 10 12 3 1 7 6 11 13 16 8 2 
15 9 14 5 0 4 10 12 6 8 3 1 11 2 16 7 13 
15 9 14 5 0 4 10 12 6 8 3 1 11 13 16 7 2 
15 9 14 5 0 4 10 12 6 11 3 1 8 2 16 7 13 
15 9 14 5 0 4 10 12 6 11 3 1 8 13 16 7 2 
15 9 14 5 0 4 10 12 8 1 3 6 11 2 16 7 13 
15 9 14 5 0 4 10 12 8 1 3 6 11 13 16 7 2 
15 9 14 5 0 4 10 13 3 1 7 6 11 2 16 8 12 
15 9 14 5 0 4 10 13 3 1 7 6 11 12 16 8 2 
15 9 14 5 0 4 10 13 6 8 3 1 11 2 16 7 12 
15 9 14 5 0 4 10 13 6 8 3 1 11 12 16 7 2 
15 9 14 5 0 4 10 13 6 11 3 1 8 2 16 7 12 
15 9 14 5 0 4 10 13 6 11 3 1 8 12 16 7 2 
15 9 14 5 0 4 10 13 8 1 3 6 11 2 16 7 12 
15 9 14 5 0 4 10 13 8 1 3 6 11 12 16 7 2 
15 9 14 5 0 16 10 12 3 1 7 6 8 2 11 4 13 
15 9 14 5 0 16 10 12 3 1 7 6 8 13 11 4 2 
15 9 14 5 0 16 10 12 3 1 7 6 11 2 8 4 13 
15 9 14 5 0 16 10 12 3 1 7 6 11 13 8 4 2 
15 9 14 5 0 16 10 12 3 8 7 1 11 2 6 4 13 
15 9 14 5 0 16 10 12 3 8 7 1 11 13 6 4 2 
15 9 14 5 0 16 10 12 3 11 7 1 8 2 6 4 13 
15 9 14 5 0 16 10 12 3 11 7 1 8 13 6 4 2 
15 9 14 5 0 16 10 12 6 8 3 1 11 2 7 4 13 
15 9 14 5 0 16 10 12 6 8 3 1 11 13 7 4 2 
15 9 14 5 0 16 10 12 6 11 3 1 8 2 7 4 13 
15 9 14 5 0 16 10 12 6 11 3 1 8 13 7 4 2 
15 9 14 5 0 16 10 12 8 1 3 6 11 2 7 4 13 
15 9 14 5 0 16 10 12 8 1 3 6 11 13 7 4 2 
15 9 14 5 0 16 10 13 3 1 7 6 8 2 11 4 12 
15 9 14 5 0 16 10 13 3 1 7 6 8 12 11 4 2 
15 9 14 5 0 16 10 13 3 1 7 6 11 2 8 4 12 
15 9 14 5 0 16 10 13 3 1 7 6 11 12 8 4 2 
15 9 14 5 0 16 10 13 3 8 7 1 11 2 6 4 12 
15 9 14 5 0 16 10 13 3 8 7 1 11 12 6 4 2 
15 9 14 5 0 16 10 13 3 11 7 1 8 2 6 4 12 
15 9 14 5 0 16 10 13 3 11 7 1 8 12 6 4 2 
15 9 14 5 0 16 10 13 6 8 3 1 11 2 7 4 12 
15 9 14 5 0 16 10 13 6 8 3 1 11 12 7 4 2 
15 9 14 5 0 16 10 13 6 11 3 1 8 2 7 4 12 
15 9 14 5 0 16 10 13 6 11 3 1 8 12 7 4 2 
15 9 14 5 0 16 10 13 8 1 3 6 11 2 7 4 12 
15 9 14 5 0 16 10 13 8 1 3 6 11 12 7 4 2 
15 9 14 5 3 4 10 12 0 1 7 6 11 2 16 8 13 
15 9 14 5 3 4 10 12 0 1 7 6 11 13 16 8 2 
15 9 14 5 3 4 10 12 6 8 0 1 11 2 16 7 13 
15 9 14 5 3 4 10 12 6 8 0 1 11 13 16 7 2 
15 9 14 5 3 4 10 12 6 11 0 1 8 2 16 7 13 
15 9 14 5 3 4 10 12 6 11 0 1 8 13 16 7 2 
15 9 14 5 3 4 10 12 8 1 0 6 11 2 16 7 13 
15 9 14 5 3 4 10 12 8 1 0 6 11 13 16 7 2 
15 9 14 5 3 4 10 13 0 1 7 6 11 2 16 8 12 
15 9 14 5 3 4 10 13 0 1 7 6 11 12 16 8 2 
15 9 14 5 3 4 10 13 6 8 0 1 11 2 16 7 12 
15 9 14 5 3 4 10 13 6 8 0 1 11 12 16 7 2 
15 9 14 5 3 4 10 13 6 11 0 1 8 2 16 7 12 
15 9 14 5 3 4 10 13 6 11 0 1 8 12 16 7 2 
15 9 14 5 3 4 10 13 8 1 0 6 11 2 16 7 12 
15 9 14 5 3 4 10 13 8 1 0 6 11 12 16 7 2 
15 9 14 5 3 16 10 12 0 1 7 6 8 2 11 4 13 
15 9 14 5 3 16 10 12 0 1 7 6 8 13 11 4 2 
15 9 14 5 3 16 10 12 0 1 7 6 11 2 8 4 13 
15 9 14 5 3 16 10 12 0 1 7 6 11 13 8 4 2 
15 9 14 5 3 16 10 12 0 8 7 1 11 2 6 4 13 
15 9 14 5 3 16 10 12 0 8 7 1 11 13 6 4 2 
15 9 14 5 3 16 10 12 0 11 7 1 8 2 6 4 13 
15 9 14 5 3 16 10 12 0 11 7 1 8 13 6 4 2 
15 9 14 5 3 16 10 12 6 8 0 1 11 2 7 4 13 
15 9 14 5 3 16 10 12 6 8 0 1 11 13 7 4 2 
15 9 14 5 3 16 10 12 6 11 0 1 8 2 7 4 13 
15 9 14 5 3 16 10 12 6 11 0 1 8 13 7 4 2 
15 9 14 5 3 16 10 12 8 1 0 6 11 2 7 4 13 
15 9 14 5 3 16 10 12 8 1 0 6 11 13 7 4 2 
15 9 14 5 3 16 10 13 0 1 7 6 8 2 11 4 12 
15 9 14 5 3 16 10 13 0 1 7 6 8 12 11 4 2 
15 9 14 5 3 16 10 13 0 1 7 6 11 2 8 4 12 
15 9 14 5 3 16 10 13 0 1 7 6 11 12 8 4 2 
15 9 14 5 3 16 10 13 0 8 7 1 11 2 6 4 12 
15 9 14 5 3 16 10 13 0 8 7 1 11 12 6 4 2 
15 9 14 5 3 16 10 13 0 11 7 1 8 2 6 4 12 
15 9 14 5 3 16 10 13 0 11 7 1 8 12 6 4 2 
15 9 14 5 3 16 10 13 6 8 0 1 11 2 7 4 12 
15 9 14 5 3 16 10 13 6 8 0 1 11 12 7 4 2 
15 9 14 5 3 16 10 13 6 11 0 1 8 2 7 4 12 
15 9 14 5 3 16 10 13 6 11 0 1 8 12 7 4 2 
15 9 14 5 3 16 10 13 8 1 0 6 11 2 7 4 12 
15 9 14 5 3 16 10 13 8 1 0 6 11 12 7 4 2 
15 9 14 5 6 4 10 12 0 8 3 1 11 2 16 7 13 
15 9 14 5 6 4 10 12 0 8 3 1 11 13 16 7 2 
15 9 14 5 6 4 10 12 0 11 3 1 8 2 16 7 13 
15 9 14 5 6 4 10 12 0 11 3 1 8 13 16 7 2 
15 9 14 5 6 4 10 12 3 8 0 1 11 2 16 7 13 
15 9 14 5 6 4 10 12 3 8 0 1 11 13 16 7 2 
15 9 14 5 6 4 10 12 3 11 0 1 8 2 16 7 13 
15 9 14 5 6 4 10 12 3 11 0 1 8 13 16 7 2 
15 9 14 5 6 4 10 13 0 8 3 1 11 2 16 7 12 
15 9 14 5 6 4 10 13 0 8 3 1 11 12 16 7 2 
15 9 14 5 6 4 10 13 0 11 3 1 8 2 16 7 12 
15 9 14 5 6 4 10 13 0 11 3 1 8 12 16 7 2 
15 9 14 5 6 4 10 13 3 8 0 1 11 2 16 7 12 
15 9 14 5 6 4 10 13 3 8 0 1 11 12 16 7 2 
15 9 14 5 6 4 10 13 3 11 0 1 8 2 16 7 12 
15 9 14 5 6 4 10 13 3 11 0 1 8 12 16 7 2 
15 9 14 5 6 16 10 12 0 8 3 1 11 2 7 4 13 
15 9 14 5 6 16 10 12 0 8 3 1 11 13 7 4 2 
15 9 14 5 6 16 10 12 0 11 3 1 8 2 7 4 13 
15 9 14 5 6 16 10 12 0 11 3 1 8 13 7 4 2 
15 9 14 5 6 16 10 12 3 8 0 1 11 2 7 4 13 
15 9 14 5 6 16 10 12 3 8 0 1 11 13 7 4 2 
15 9 14 5 6 16 10 12 3 11 0 1 8 2 7 4 13 
15 9 14 5 6 16 10 12 3 11 0 1 8 13 7 4 2 
15 9 14 5 6 16 10 13 0 8 3 1 11 2 7 4 12 
15 9 14 5 6 16 10 13 0 8 3 1 11 12 7 4 2 
15 9 14 5 6 16 10 13 0 11 3 1 8 2 7 4 12 
15 9 14 5 6 16 10 13 0 11 3 1 8 12 7 4 2 
15 9 14 5 6 16 10 13 3 8 0 1 11 2 7 4 12 
15 9 14 5 6 16 10 13 3 8 0 1 11 12 7 4 2 
15 9 14 5 6 16 10 13 3 11 0 1 8 2 7 4 12 
15 9 14 5 6 16 10 13 3 11 0 1 8 12 7 4 2 
15 9 14 5 8 4 10 12 0 1 3 6 11 2 16 7 13 
15 9 14 5 8 4 10 12 0 1 3 6 11 13 16 7 2 
15 9 14 5 8 4 10 12 3 1 0 6 11 2 16 7 13 
15 9 14 5 8 4 10 12 3 1 0 6 11 13 16 7 2 
15 9 14 5 8 4 10 13 0 1 3 6 11 2 16 7 12 
15 9 14 5 8 4 10 13 0 1 3 6 11 12 16 7 2 
15 9 14 5 8 4 10 13 3 1 0 6 11 2 16 7 12 
15 9 14 5 8 4 10 13 3 1 0 6 11 12 16 7 2 
15 9 14 5 8 16 10 12 0 1 3 6 11 2 7 4 13 
15 9 14 5 8 16 10 12 0 1 3 6 11 13 7 4 2 
15 9 14 5 8 16 10 12 3 1 0 6 11 2 7 4 13 
15 9 14 5 8 16 10 12 3 1 0 6 11 13 7 4 2 
15 9 14 5 8 16 10 13 0 1 3 6 11 2 7 4 12 
15 9 14 5 8 16 10 13 0 1 3 6 11 12 7 4 2 
15 9 14 5 8 16 10 13 3 1 0 6 11 2 7 4 12 
15 9 14 5 8 16 10 13 3 1 0 6 11 12 7 4 2 
