29 29 29 29 31 30 31 31 30 29 31 29 29 29 29 29 29
31 31 34 32 33 33 35 34 34 35 35 32 33 35 32 33 34 
30 33 33 33 33 34 36 34 34 34 35 32 34 34 32 32 31 
31 33 34 34 35 32 34 34 34 34 34 35 31 33 31 32 32 
31 31 34 32 36 34 34 33 34 34 34 34 32 33 32 33 32 
30 31 33 32 35 33 34 33 34 33 35 32 32 33 32 32 32 
31 32 35 33 35 33 34 35 35 37 35 32 33 32 33 32 32 
30 34 36 35 36 35 35 35 35 35 35 32 32 32 31 32 32 
29 33 33 36 38 36 36 36 37 37 35 34 32 33 33 33 32 
29 31 33 35 38 36 37 36 38 38 37 34 32 33 34 33 32 
29 31 32 35 37 34 35 37 38 37 37 37 36 35 35 34 33 
29 32 35 35 38 35 36 37 38 37 37 34 34 34 34 34 32 
29 33 35 35 37 35 36 37 38 37 37 33 35 35 34 35 33 
30 35 35 36 37 34 36 38 37 37 38 34 37 35 35 36 36 
30 35 35 36 40 36 37 36 37 37 37 35 35 37 36 36 34 
30 35 34 37 37 34 37 36 38 36 35 35 34 35 36 35 35 
32 36 34 37 38 35 37 35 36 36 35 35 35 37 38 36 36 
32 36 34 35 37 36 35 35 36 37 34 34 34 35 35 34 35 
32 35 37 36 37 36 37 36 37 37 35 35 35 35 35 34 34 
31 32 33 32 35 34 37 34 35 34 35 32 34 34 32 32 31 
